/*--------------------------------*- C++ -*----------------------------------*\\
| =========                 |                                                 |
| \\      /  F ield         | OpenFOAM: The Open Source CFD Toolbox           |
|  \\    /   O peration     | Version:  v1706                                 |
|   \\  /    A nd           | Web:      www.OpenFOAM.com                      |
|    \\/     M anipulation  |                                                 |
\\*---------------------------------------------------------------------------*/
FoamFile
{
    version     2.0;
    format      ascii;
    class       volScalarField;
    location    "0";
    object      p;
}
// * * * * * * * * * * * * * * * * * * * * * * * * * * * * * * * * * * * * * //

dimensions      [0 2 -2 0 0 0 0];


internalField   nonuniform List<scalar>
1089
(
0.49096
0.4558
0.3905
0.30442
0.2099
0.12048
0.048969
0.0056089
-0.0033858
0.023273
0.081767
0.16372
0.25738
0.34934
0.42642
0.47757
0.49548
0.47757
0.42642
0.34934
0.25738
0.16372
0.081767
0.023273
-0.0033858
0.0056089
0.048969
0.12048
0.2099
0.30442
0.3905
0.4558
0.49096
0.4558
0.42063
0.35533
0.26925
0.17473
0.085313
0.0138
-0.02956
-0.038555
-0.011895
0.046598
0.12855
0.22221
0.31417
0.39125
0.44241
0.46031
0.44241
0.39125
0.31417
0.22221
0.12855
0.046598
-0.011895
-0.038555
-0.02956
0.0138
0.085313
0.17473
0.26925
0.35533
0.42063
0.4558
0.3905
0.35533
0.29003
0.20395
0.10944
0.020014
-0.051499
-0.094859
-0.10385
-0.077195
-0.018701
0.063247
0.15691
0.24887
0.32595
0.37711
0.39501
0.37711
0.32595
0.24887
0.15691
0.063247
-0.018701
-0.077195
-0.10385
-0.094859
-0.051499
0.020014
0.10944
0.20395
0.29003
0.35533
0.3905
0.30442
0.26925
0.20395
0.11788
0.023361
-0.06606
-0.13757
-0.18093
-0.18993
-0.16327
-0.10478
-0.022827
0.070835
0.16279
0.23987
0.29103
0.30894
0.29103
0.23987
0.16279
0.070835
-0.022827
-0.10478
-0.16327
-0.18993
-0.18093
-0.13757
-0.06606
0.023361
0.11788
0.20395
0.26925
0.30442
0.2099
0.17473
0.10944
0.023361
-0.071157
-0.16058
-0.23209
-0.27545
-0.28445
-0.25779
-0.19929
-0.11735
-0.023683
0.068275
0.14535
0.19651
0.21442
0.19651
0.14535
0.068275
-0.023683
-0.11735
-0.19929
-0.25779
-0.28445
-0.27545
-0.23209
-0.16058
-0.071157
0.023361
0.10944
0.17473
0.2099
0.12048
0.085313
0.020014
-0.06606
-0.16058
-0.25
-0.32151
-0.36487
-0.37387
-0.34721
-0.28872
-0.20677
-0.1131
-0.021146
0.055934
0.10709
0.125
0.10709
0.055934
-0.021146
-0.1131
-0.20677
-0.28872
-0.34721
-0.37387
-0.36487
-0.32151
-0.25
-0.16058
-0.06606
0.020014
0.085313
0.12048
0.048969
0.0138
-0.051499
-0.13757
-0.23209
-0.32151
-0.39303
-0.43639
-0.44538
-0.41872
-0.36023
-0.27828
-0.18462
-0.09266
-0.01558
0.035579
0.053487
0.035579
-0.01558
-0.09266
-0.18462
-0.27828
-0.36023
-0.41872
-0.44538
-0.43639
-0.39303
-0.32151
-0.23209
-0.13757
-0.051499
0.0138
0.048969
0.0056089
-0.02956
-0.094859
-0.18093
-0.27545
-0.36487
-0.43639
-0.47975
-0.48874
-0.46208
-0.40359
-0.32164
-0.22798
-0.13602
-0.05894
-0.0077813
0.010127
-0.0077813
-0.05894
-0.13602
-0.22798
-0.32164
-0.40359
-0.46208
-0.48874
-0.47975
-0.43639
-0.36487
-0.27545
-0.18093
-0.094859
-0.02956
0.0056089
-0.0033858
-0.038555
-0.10385
-0.18993
-0.28445
-0.37387
-0.44538
-0.48874
-0.49774
-0.47108
-0.41258
-0.33063
-0.23697
-0.14501
-0.067934
-0.016776
0.001132
-0.016776
-0.067934
-0.14501
-0.23697
-0.33063
-0.41258
-0.47108
-0.49774
-0.48874
-0.44538
-0.37387
-0.28445
-0.18993
-0.10385
-0.038555
-0.0033858
0.023273
-0.011895
-0.077195
-0.16327
-0.25779
-0.34721
-0.41872
-0.46208
-0.47108
-0.44442
-0.38592
-0.30398
-0.21031
-0.11836
-0.041275
0.0098831
0.027791
0.0098831
-0.041275
-0.11836
-0.21031
-0.30398
-0.38592
-0.44442
-0.47108
-0.46208
-0.41872
-0.34721
-0.25779
-0.16327
-0.077195
-0.011895
0.023273
0.081767
0.046598
-0.018701
-0.10478
-0.19929
-0.28872
-0.36023
-0.40359
-0.41258
-0.38592
-0.32743
-0.24548
-0.15182
-0.059861
0.017218
0.068377
0.086285
0.068377
0.017218
-0.059861
-0.15182
-0.24548
-0.32743
-0.38592
-0.41258
-0.40359
-0.36023
-0.28872
-0.19929
-0.10478
-0.018701
0.046598
0.081767
0.16372
0.12855
0.063247
-0.022827
-0.11735
-0.20677
-0.27828
-0.32164
-0.33063
-0.30398
-0.24548
-0.16353
-0.069872
0.022087
0.099167
0.15032
0.16823
0.15032
0.099167
0.022087
-0.069872
-0.16353
-0.24548
-0.30398
-0.33063
-0.32164
-0.27828
-0.20677
-0.11735
-0.022827
0.063247
0.12855
0.16372
0.25738
0.22221
0.15691
0.070835
-0.023683
-0.1131
-0.18462
-0.22798
-0.23697
-0.21031
-0.15182
-0.069872
0.023791
0.11575
0.19283
0.24399
0.2619
0.24399
0.19283
0.11575
0.023791
-0.069872
-0.15182
-0.21031
-0.23697
-0.22798
-0.18462
-0.1131
-0.023683
0.070835
0.15691
0.22221
0.25738
0.34934
0.31417
0.24887
0.16279
0.068275
-0.021146
-0.09266
-0.13602
-0.14501
-0.11836
-0.059861
0.022087
0.11575
0.20771
0.28479
0.33595
0.35385
0.33595
0.28479
0.20771
0.11575
0.022087
-0.059861
-0.11836
-0.14501
-0.13602
-0.09266
-0.021146
0.068275
0.16279
0.24887
0.31417
0.34934
0.42642
0.39125
0.32595
0.23987
0.14535
0.055934
-0.01558
-0.05894
-0.067934
-0.041275
0.017218
0.099167
0.19283
0.28479
0.36187
0.41303
0.43093
0.41303
0.36187
0.28479
0.19283
0.099167
0.017218
-0.041275
-0.067934
-0.05894
-0.01558
0.055934
0.14535
0.23987
0.32595
0.39125
0.42642
0.47757
0.44241
0.37711
0.29103
0.19651
0.10709
0.035579
-0.0077813
-0.016776
0.0098831
0.068377
0.15032
0.24399
0.33595
0.41303
0.46418
0.48209
0.46418
0.41303
0.33595
0.24399
0.15032
0.068377
0.0098831
-0.016776
-0.0077813
0.035579
0.10709
0.19651
0.29103
0.37711
0.44241
0.47757
0.49548
0.46031
0.39501
0.30894
0.21442
0.125
0.053487
0.010127
0.001132
0.027791
0.086285
0.16823
0.2619
0.35385
0.43093
0.48209
0.5
0.48209
0.43093
0.35385
0.2619
0.16823
0.086285
0.027791
0.001132
0.010127
0.053487
0.125
0.21442
0.30894
0.39501
0.46031
0.49548
0.47757
0.44241
0.37711
0.29103
0.19651
0.10709
0.035579
-0.0077813
-0.016776
0.0098831
0.068377
0.15032
0.24399
0.33595
0.41303
0.46418
0.48209
0.46418
0.41303
0.33595
0.24399
0.15032
0.068377
0.0098831
-0.016776
-0.0077813
0.035579
0.10709
0.19651
0.29103
0.37711
0.44241
0.47757
0.42642
0.39125
0.32595
0.23987
0.14535
0.055934
-0.01558
-0.05894
-0.067934
-0.041275
0.017218
0.099167
0.19283
0.28479
0.36187
0.41303
0.43093
0.41303
0.36187
0.28479
0.19283
0.099167
0.017218
-0.041275
-0.067934
-0.05894
-0.01558
0.055934
0.14535
0.23987
0.32595
0.39125
0.42642
0.34934
0.31417
0.24887
0.16279
0.068275
-0.021146
-0.09266
-0.13602
-0.14501
-0.11836
-0.059861
0.022087
0.11575
0.20771
0.28479
0.33595
0.35385
0.33595
0.28479
0.20771
0.11575
0.022087
-0.059861
-0.11836
-0.14501
-0.13602
-0.09266
-0.021146
0.068275
0.16279
0.24887
0.31417
0.34934
0.25738
0.22221
0.15691
0.070835
-0.023683
-0.1131
-0.18462
-0.22798
-0.23697
-0.21031
-0.15182
-0.069872
0.023791
0.11575
0.19283
0.24399
0.2619
0.24399
0.19283
0.11575
0.023791
-0.069872
-0.15182
-0.21031
-0.23697
-0.22798
-0.18462
-0.1131
-0.023683
0.070835
0.15691
0.22221
0.25738
0.16372
0.12855
0.063247
-0.022827
-0.11735
-0.20677
-0.27828
-0.32164
-0.33063
-0.30398
-0.24548
-0.16353
-0.069872
0.022087
0.099167
0.15032
0.16823
0.15032
0.099167
0.022087
-0.069872
-0.16353
-0.24548
-0.30398
-0.33063
-0.32164
-0.27828
-0.20677
-0.11735
-0.022827
0.063247
0.12855
0.16372
0.081767
0.046598
-0.018701
-0.10478
-0.19929
-0.28872
-0.36023
-0.40359
-0.41258
-0.38592
-0.32743
-0.24548
-0.15182
-0.059861
0.017218
0.068377
0.086285
0.068377
0.017218
-0.059861
-0.15182
-0.24548
-0.32743
-0.38592
-0.41258
-0.40359
-0.36023
-0.28872
-0.19929
-0.10478
-0.018701
0.046598
0.081767
0.023273
-0.011895
-0.077195
-0.16327
-0.25779
-0.34721
-0.41872
-0.46208
-0.47108
-0.44442
-0.38592
-0.30398
-0.21031
-0.11836
-0.041275
0.0098831
0.027791
0.0098831
-0.041275
-0.11836
-0.21031
-0.30398
-0.38592
-0.44442
-0.47108
-0.46208
-0.41872
-0.34721
-0.25779
-0.16327
-0.077195
-0.011895
0.023273
-0.0033858
-0.038555
-0.10385
-0.18993
-0.28445
-0.37387
-0.44538
-0.48874
-0.49774
-0.47108
-0.41258
-0.33063
-0.23697
-0.14501
-0.067934
-0.016776
0.001132
-0.016776
-0.067934
-0.14501
-0.23697
-0.33063
-0.41258
-0.47108
-0.49774
-0.48874
-0.44538
-0.37387
-0.28445
-0.18993
-0.10385
-0.038555
-0.0033858
0.0056089
-0.02956
-0.094859
-0.18093
-0.27545
-0.36487
-0.43639
-0.47975
-0.48874
-0.46208
-0.40359
-0.32164
-0.22798
-0.13602
-0.05894
-0.0077813
0.010127
-0.0077813
-0.05894
-0.13602
-0.22798
-0.32164
-0.40359
-0.46208
-0.48874
-0.47975
-0.43639
-0.36487
-0.27545
-0.18093
-0.094859
-0.02956
0.0056089
0.048969
0.0138
-0.051499
-0.13757
-0.23209
-0.32151
-0.39303
-0.43639
-0.44538
-0.41872
-0.36023
-0.27828
-0.18462
-0.09266
-0.01558
0.035579
0.053487
0.035579
-0.01558
-0.09266
-0.18462
-0.27828
-0.36023
-0.41872
-0.44538
-0.43639
-0.39303
-0.32151
-0.23209
-0.13757
-0.051499
0.0138
0.048969
0.12048
0.085313
0.020014
-0.06606
-0.16058
-0.25
-0.32151
-0.36487
-0.37387
-0.34721
-0.28872
-0.20677
-0.1131
-0.021146
0.055934
0.10709
0.125
0.10709
0.055934
-0.021146
-0.1131
-0.20677
-0.28872
-0.34721
-0.37387
-0.36487
-0.32151
-0.25
-0.16058
-0.06606
0.020014
0.085313
0.12048
0.2099
0.17473
0.10944
0.023361
-0.071157
-0.16058
-0.23209
-0.27545
-0.28445
-0.25779
-0.19929
-0.11735
-0.023683
0.068275
0.14535
0.19651
0.21442
0.19651
0.14535
0.068275
-0.023683
-0.11735
-0.19929
-0.25779
-0.28445
-0.27545
-0.23209
-0.16058
-0.071157
0.023361
0.10944
0.17473
0.2099
0.30442
0.26925
0.20395
0.11788
0.023361
-0.06606
-0.13757
-0.18093
-0.18993
-0.16327
-0.10478
-0.022827
0.070835
0.16279
0.23987
0.29103
0.30894
0.29103
0.23987
0.16279
0.070835
-0.022827
-0.10478
-0.16327
-0.18993
-0.18093
-0.13757
-0.06606
0.023361
0.11788
0.20395
0.26925
0.30442
0.3905
0.35533
0.29003
0.20395
0.10944
0.020014
-0.051499
-0.094859
-0.10385
-0.077195
-0.018701
0.063247
0.15691
0.24887
0.32595
0.37711
0.39501
0.37711
0.32595
0.24887
0.15691
0.063247
-0.018701
-0.077195
-0.10385
-0.094859
-0.051499
0.020014
0.10944
0.20395
0.29003
0.35533
0.3905
0.4558
0.42063
0.35533
0.26925
0.17473
0.085313
0.0138
-0.02956
-0.038555
-0.011895
0.046598
0.12855
0.22221
0.31417
0.39125
0.44241
0.46031
0.44241
0.39125
0.31417
0.22221
0.12855
0.046598
-0.011895
-0.038555
-0.02956
0.0138
0.085313
0.17473
0.26925
0.35533
0.42063
0.4558
0.49096
0.4558
0.3905
0.30442
0.2099
0.12048
0.048969
0.0056089
-0.0033858
0.023273
0.081767
0.16372
0.25738
0.34934
0.42642
0.47757
0.49548
0.47757
0.42642
0.34934
0.25738
0.16372
0.081767
0.023273
-0.0033858
0.0056089
0.048969
0.12048
0.2099
0.30442
0.3905
0.4558
0.49096
)
;

boundaryField
{
    upperBoundary
    {
        type             cyclic;
        value            nonuniform List<scalar>
33
(
0.49096
0.4558
0.3905
0.30442
0.2099
0.12048
0.048969
0.0056089
-0.0033858
0.023273
0.081767
0.16372
0.25738
0.34934
0.42642
0.47757
0.49548
0.47757
0.42642
0.34934
0.25738
0.16372
0.081767
0.023273
-0.0033858
0.0056089
0.048969
0.12048
0.2099
0.30442
0.3905
0.4558
0.49096
)
;
    }
    lowerBoundary
    {
        type             cyclic;
        value            nonuniform List<scalar>
33
(
0.49096
0.4558
0.3905
0.30442
0.2099
0.12048
0.048969
0.0056089
-0.0033858
0.023273
0.081767
0.16372
0.25738
0.34934
0.42642
0.47757
0.49548
0.47757
0.42642
0.34934
0.25738
0.16372
0.081767
0.023273
-0.0033858
0.0056089
0.048969
0.12048
0.2099
0.30442
0.3905
0.4558
0.49096
)
;
    }
    leftBoundary
    {
        type             cyclic;
        value            nonuniform List<scalar>
33
(
0.49096
0.4558
0.3905
0.30442
0.2099
0.12048
0.048969
0.0056089
-0.0033858
0.023273
0.081767
0.16372
0.25738
0.34934
0.42642
0.47757
0.49548
0.47757
0.42642
0.34934
0.25738
0.16372
0.081767
0.023273
-0.0033858
0.0056089
0.048969
0.12048
0.2099
0.30442
0.3905
0.4558
0.49096
)
;
    }
    rightBoundary
    {
        type             cyclic;
        value            nonuniform List<scalar>
33
(
0.49096
0.4558
0.3905
0.30442
0.2099
0.12048
0.048969
0.0056089
-0.0033858
0.023273
0.081767
0.16372
0.25738
0.34934
0.42642
0.47757
0.49548
0.47757
0.42642
0.34934
0.25738
0.16372
0.081767
0.023273
-0.0033858
0.0056089
0.048969
0.12048
0.2099
0.30442
0.3905
0.4558
0.49096
)
;
    }
    frontAndBack
    {
        type             empty;
        value            nonuniform List<scalar>
2178
(
0
0
0
0
0
0
0
0
0
0
0
0
0
0
0
0
0
0
0
0
0
0
0
0
0
0
0
0
0
0
0
0
0
0
0
0
0
0
0
0
0
0
0
0
0
0
0
0
0
0
0
0
0
0
0
0
0
0
0
0
0
0
0
0
0
0
0
0
0
0
0
0
0
0
0
0
0
0
0
0
0
0
0
0
0
0
0
0
0
0
0
0
0
0
0
0
0
0
0
0
0
0
0
0
0
0
0
0
0
0
0
0
0
0
0
0
0
0
0
0
0
0
0
0
0
0
0
0
0
0
0
0
0
0
0
0
0
0
0
0
0
0
0
0
0
0
0
0
0
0
0
0
0
0
0
0
0
0
0
0
0
0
0
0
0
0
0
0
0
0
0
0
0
0
0
0
0
0
0
0
0
0
0
0
0
0
0
0
0
0
0
0
0
0
0
0
0
0
0
0
0
0
0
0
0
0
0
0
0
0
0
0
0
0
0
0
0
0
0
0
0
0
0
0
0
0
0
0
0
0
0
0
0
0
0
0
0
0
0
0
0
0
0
0
0
0
0
0
0
0
0
0
0
0
0
0
0
0
0
0
0
0
0
0
0
0
0
0
0
0
0
0
0
0
0
0
0
0
0
0
0
0
0
0
0
0
0
0
0
0
0
0
0
0
0
0
0
0
0
0
0
0
0
0
0
0
0
0
0
0
0
0
0
0
0
0
0
0
0
0
0
0
0
0
0
0
0
0
0
0
0
0
0
0
0
0
0
0
0
0
0
0
0
0
0
0
0
0
0
0
0
0
0
0
0
0
0
0
0
0
0
0
0
0
0
0
0
0
0
0
0
0
0
0
0
0
0
0
0
0
0
0
0
0
0
0
0
0
0
0
0
0
0
0
0
0
0
0
0
0
0
0
0
0
0
0
0
0
0
0
0
0
0
0
0
0
0
0
0
0
0
0
0
0
0
0
0
0
0
0
0
0
0
0
0
0
0
0
0
0
0
0
0
0
0
0
0
0
0
0
0
0
0
0
0
0
0
0
0
0
0
0
0
0
0
0
0
0
0
0
0
0
0
0
0
0
0
0
0
0
0
0
0
0
0
0
0
0
0
0
0
0
0
0
0
0
0
0
0
0
0
0
0
0
0
0
0
0
0
0
0
0
0
0
0
0
0
0
0
0
0
0
0
0
0
0
0
0
0
0
0
0
0
0
0
0
0
0
0
0
0
0
0
0
0
0
0
0
0
0
0
0
0
0
0
0
0
0
0
0
0
0
0
0
0
0
0
0
0
0
0
0
0
0
0
0
0
0
0
0
0
0
0
0
0
0
0
0
0
0
0
0
0
0
0
0
0
0
0
0
0
0
0
0
0
0
0
0
0
0
0
0
0
0
0
0
0
0
0
0
0
0
0
0
0
0
0
0
0
0
0
0
0
0
0
0
0
0
0
0
0
0
0
0
0
0
0
0
0
0
0
0
0
0
0
0
0
0
0
0
0
0
0
0
0
0
0
0
0
0
0
0
0
0
0
0
0
0
0
0
0
0
0
0
0
0
0
0
0
0
0
0
0
0
0
0
0
0
0
0
0
0
0
0
0
0
0
0
0
0
0
0
0
0
0
0
0
0
0
0
0
0
0
0
0
0
0
0
0
0
0
0
0
0
0
0
0
0
0
0
0
0
0
0
0
0
0
0
0
0
0
0
0
0
0
0
0
0
0
0
0
0
0
0
0
0
0
0
0
0
0
0
0
0
0
0
0
0
0
0
0
0
0
0
0
0
0
0
0
0
0
0
0
0
0
0
0
0
0
0
0
0
0
0
0
0
0
0
0
0
0
0
0
0
0
0
0
0
0
0
0
0
0
0
0
0
0
0
0
0
0
0
0
0
0
0
0
0
0
0
0
0
0
0
0
0
0
0
0
0
0
0
0
0
0
0
0
0
0
0
0
0
0
0
0
0
0
0
0
0
0
0
0
0
0
0
0
0
0
0
0
0
0
0
0
0
0
0
0
0
0
0
0
0
0
0
0
0
0
0
0
0
0
0
0
0
0
0
0
0
0
0
0
0
0
0
0
0
0
0
0
0
0
0
0
0
0
0
0
0
0
0
0
0
0
0
0
0
0
0
0
0
0
0
0
0
0
0
0
0
0
0
0
0
0
0
0
0
0
0
0
0
0
0
0
0
0
0
0
0
0
0
0
0
0
0
0
0
0
0
0
0
0
0
0
0
0
0
0
0
0
0
0
0
0
0
0
0
0
0
0
0
0
0
0
0
0
0
0
0
0
0
0
0
0
0
0
0
0
0
0
0
0
0
0
0
0
0
0
0
0
0
0
0
0
0
0
0
0
0
0
0
0
0
0
0
0
0
0
0
0
0
0
0
0
0
0
0
0
0
0
0
0
0
0
0
0
0
0
0
0
0
0
0
0
0
0
0
0
0
0
0
0
0
0
0
0
0
0
0
0
0
0
0
0
0
0
0
0
0
0
0
0
0
0
0
0
0
0
0
0
0
0
0
0
0
0
0
0
0
0
0
0
0
0
0
0
0
0
0
0
0
0
0
0
0
0
0
0
0
0
0
0
0
0
0
0
0
0
0
0
0
0
0
0
0
0
0
0
0
0
0
0
0
0
0
0
0
0
0
0
0
0
0
0
0
0
0
0
0
0
0
0
0
0
0
0
0
0
0
0
0
0
0
0
0
0
0
0
0
0
0
0
0
0
0
0
0
0
0
0
0
0
0
0
0
0
0
0
0
0
0
0
0
0
0
0
0
0
0
0
0
0
0
0
0
0
0
0
0
0
0
0
0
0
0
0
0
0
0
0
0
0
0
0
0
0
0
0
0
0
0
0
0
0
0
0
0
0
0
0
0
0
0
0
0
0
0
0
0
0
0
0
0
0
0
0
0
0
0
0
0
0
0
0
0
0
0
0
0
0
0
0
0
0
0
0
0
0
0
0
0
0
0
0
0
0
0
0
0
0
0
0
0
0
0
0
0
0
0
0
0
0
0
0
0
0
0
0
0
0
0
0
0
0
0
0
0
0
0
0
0
0
0
0
0
0
0
0
0
0
0
0
0
0
0
0
0
0
0
0
0
0
0
0
0
0
0
0
0
0
0
0
0
0
0
0
0
0
0
0
0
0
0
0
0
0
0
0
0
0
0
0
0
0
0
0
0
0
0
0
0
0
0
0
0
0
0
0
0
0
0
0
0
0
0
0
0
0
0
0
0
0
0
0
0
0
0
0
0
0
0
0
0
0
0
0
0
0
0
0
0
0
0
0
0
0
0
0
0
0
0
0
0
0
0
0
0
0
0
0
0
0
0
0
0
0
0
0
0
0
0
0
0
0
0
0
0
0
0
0
0
0
0
0
0
0
0
0
0
0
0
0
0
0
0
0
0
0
0
0
0
0
0
0
0
0
0
0
0
0
0
0
0
0
0
0
0
0
0
0
0
0
0
0
0
0
0
0
0
0
0
0
0
0
0
0
0
0
0
0
0
0
0
0
0
0
0
0
0
0
0
0
0
0
0
0
0
0
0
0
0
0
0
0
0
0
0
0
0
0
0
0
0
0
0
0
0
0
0
0
0
0
0
0
0
0
0
0
0
0
0
0
0
0
0
0
0
0
0
0
0
0
0
0
0
0
0
0
0
0
0
0
0
0
0
0
0
0
0
0
0
0
0
0
0
0
0
0
0
0
0
0
0
0
0
0
0
0
0
0
0
0
0
0
0
0
0
0
0
0
0
0
0
0
0
0
0
0
0
0
0
0
0
0
0
0
0
0
0
0
0
0
0
0
0
0
0
0
0
0
0
0
0
0
0
0
0
0
0
0
0
0
0
0
0
0
0
0
0
0
0
0
0
0
0
0
0
0
0
0
0
0
0
0
0
0
0
0
0
0
0
0
0
0
0
0
0
0
0
0
0
0
0
0
0
0
0
0
0
0
0
0
0
0
0
0
0
0
0
0
0
0
0
0
0
0
0
0
0
0
0
0
0
0
0
0
0
0
0
0
0
0
0
0
0
0
0
0
0
0
0
0
0
0
0
0
0
0
0
0
0
0
0
0
0
0
0
0
0
0
0
0
0
0
0
0
0
0
0
0
0
0
0
0
0
0
0
0
0
0
0
0
0
0
0
0
0
0
0
0
0
0
0
0
0
0
0
0
0
0
0
0
0
0
0
0
0
0
0
0
0
0
0
0
0
0
0
0
0
0
0
0
0
0
0
0
0
0
0
0
0
0
0
0
0
0
0
0
0
0
0
0
0
0
0
0
0
0
0
0
0
0
0
0
0
0
0
0
0
0
0
0
0
0
0
0
0
0
0
0
0
0
0
0
0
0
0
0
0
0
0
0
0
0
0
0
0
0
0
0
0
0
0
0
0
0
0
0
0
0
0
0
0
0
0
0
0
0
0
0
0
0
0
0
0
0
0
0
0
0
0
0
0
0
0
0
0
0
0
0
0
0
0
0
0
0
0
0
0
0
0
0
0
0
0
0
0
0
0
0
0
0
0
0
0
0
0
0
0
0
0
0
0
0
0
0
0
0
0
0
0
0
0
0
0
0
0
0
0
0
0
0
0
0
0
0
0
0
0
0
0
0
0
0
0
0
0
0
0
0
0
0
0
0
0
0
0
0
0
0
0
0
0
0
0
0
0
0
0
0
0
0
0
0
0
0
0
0
0
0
0
0
0
0
0
0
0
0
0
0
0
0
0
0
0
0
0
0
0
0
0
0
0
0
0
0
0
0
0
0
0
0
0
0
0
0
0
0
0
0
0
0
0
0
0
0
0
0
0
0
0
0
0
0
0
0
0
0
0
0
0
0
0
0
0
0
0
0
0
0
0
0
0
0
0
0
0
0
0
0
0
0
0
0
0
0
0
0
0
0
0
0
0
0
0
0
0
)
;
    }
}

// ************************************************************************* //
