/*--------------------------------*- C++ -*----------------------------------*\\
| =========                 |                                                 |
| \\      /  F ield         | OpenFOAM: The Open Source CFD Toolbox           |
|  \\    /   O peration     | Version:  v1706                                 |
|   \\  /    A nd           | Web:      www.OpenFOAM.com                      |
|    \\/     M anipulation  |                                                 |
\\*---------------------------------------------------------------------------*/
FoamFile
{
    version     2.0;
    format      ascii;
    class       surfaceScalarField;
    location    "0";
    object      Uf;
}
// * * * * * * * * * * * * * * * * * * * * * * * * * * * * * * * * * * * * * //

dimensions      [0 1 -1 0 0 0 0];


internalField   nonuniform List<scalar>
2112
(
0.18839
-0.18839
0.36998
-0.18159
0.53819
-0.16821
0.68695
-0.14876
0.81089
-0.12393
0.90551
-0.094626
0.96741
-0.061898
0.99434
-0.026933
0.98534
0.0090049
0.94072
0.044618
0.8621
0.078618
0.75233
0.10978
0.61536
0.13697
0.45615
0.15921
0.28046
0.17569
0.094626
0.18583
-0.094626
0.18925
-0.28046
0.18583
-0.45615
0.17569
-0.61536
0.15921
-0.75233
0.13697
-0.8621
0.10978
-0.94072
0.078618
-0.98534
0.044618
-0.99434
0.0090049
-0.96741
-0.026933
-0.90551
-0.061898
-0.81089
-0.094626
-0.68695
-0.12393
-0.53819
-0.14876
-0.36998
-0.16821
-0.18839
-0.18159
-0.18839
0.18159
-0.36998
0.35661
-0.35661
0.51874
-0.33035
0.66213
-0.29215
0.78158
-0.24339
0.87279
-0.18583
0.93245
-0.12156
0.95841
-0.052893
0.94973
0.017684
0.90672
0.087623
0.83095
0.15439
0.72514
0.21559
0.59312
0.26898
0.43967
0.31266
0.27032
0.34504
0.091206
0.36495
-0.091206
0.37166
-0.27032
0.36495
-0.43967
0.34504
-0.59312
0.31266
-0.72514
0.26898
-0.83095
0.21559
-0.90672
0.15439
-0.94973
0.087623
-0.95841
0.017684
-0.93245
-0.052893
-0.87279
-0.12156
-0.78158
-0.18583
-0.66213
-0.24339
-0.51874
-0.29215
-0.35661
-0.33035
-0.18159
-0.35661
-0.36998
0.16821
-0.53819
0.33035
-0.51874
0.48054
-0.48054
0.61337
-0.42497
0.72402
-0.35404
0.80851
-0.27032
0.86378
-0.17683
0.88783
-0.076941
0.87979
0.025725
0.83995
0.12746
0.76975
0.22459
0.67174
0.3136
0.54944
0.39128
0.40729
0.45482
0.25041
0.50191
0.084489
0.53087
-0.084489
0.54064
-0.25041
0.53087
-0.40729
0.50191
-0.54944
0.45482
-0.67174
0.39128
-0.76975
0.3136
-0.83995
0.22459
-0.87979
0.12746
-0.88783
0.025725
-0.86378
-0.076941
-0.80851
-0.17683
-0.72402
-0.27032
-0.61337
-0.35404
-0.48054
-0.42497
-0.33035
-0.48054
-0.16821
-0.51874
-0.53819
0.14876
-0.68695
0.29215
-0.66213
0.42497
-0.61337
0.54244
-0.54244
0.6403
-0.45191
0.71502
-0.34504
0.7639
-0.2257
0.78516
-0.098208
0.77805
0.032835
0.74282
0.16269
0.68074
0.28667
0.59406
0.40029
0.48591
0.49943
0.36019
0.58053
0.22146
0.64065
0.074719
0.67761
-0.074719
0.69008
-0.22146
0.67761
-0.36019
0.64065
-0.48591
0.58053
-0.59406
0.49943
-0.68074
0.40029
-0.74282
0.28667
-0.77805
0.16269
-0.78516
0.032835
-0.7639
-0.098208
-0.71502
-0.2257
-0.6403
-0.34504
-0.54244
-0.45191
-0.42497
-0.54244
-0.29215
-0.61337
-0.14876
-0.66213
-0.68695
0.12393
-0.81089
0.24339
-0.78158
0.35404
-0.72402
0.45191
-0.6403
0.53343
-0.53343
0.59568
-0.40729
0.6364
-0.26642
0.65412
-0.11593
0.6482
0.038759
0.61884
0.19204
0.56713
0.33839
0.49491
0.4725
0.40481
0.58954
0.30007
0.68526
0.1845
0.75623
0.062248
0.79986
-0.062248
0.81458
-0.1845
0.79986
-0.30007
0.75623
-0.40481
0.68526
-0.49491
0.58954
-0.56713
0.4725
-0.61884
0.33839
-0.6482
0.19204
-0.65412
0.038759
-0.6364
-0.11593
-0.59568
-0.26642
-0.53343
-0.40729
-0.45191
-0.53343
-0.35404
-0.6403
-0.24339
-0.72402
-0.12393
-0.78158
-0.81089
0.094626
-0.90551
0.18583
-0.87279
0.27032
-0.80851
0.34504
-0.71502
0.40729
-0.59568
0.45482
-0.45482
0.48591
-0.29751
0.49943
-0.12945
0.49491
0.043282
0.4725
0.21445
0.43301
0.37787
0.37787
0.52764
0.30908
0.65833
0.22911
0.76523
0.14087
0.84447
0.047528
0.89319
-0.047528
0.90963
-0.14087
0.89319
-0.22911
0.84447
-0.30908
0.76523
-0.37787
0.65833
-0.43301
0.52764
-0.4725
0.37787
-0.49491
0.21445
-0.49943
0.043282
-0.48591
-0.12945
-0.45482
-0.29751
-0.40729
-0.45482
-0.34504
-0.59568
-0.27032
-0.71502
-0.18583
-0.80851
-0.094626
-0.87279
-0.90551
0.061898
-0.96741
0.12156
-0.93245
0.17683
-0.86378
0.2257
-0.7639
0.26642
-0.6364
0.29751
-0.48591
0.31785
-0.31785
0.3267
-0.1383
0.32374
0.046241
0.30908
0.22911
0.28325
0.40371
0.24718
0.56371
0.20218
0.70333
0.14987
0.81754
0.092146
0.9022
0.03109
0.95425
-0.03109
0.97181
-0.092146
0.95425
-0.14987
0.9022
-0.20218
0.81754
-0.24718
0.70333
-0.28325
0.56371
-0.30908
0.40371
-0.32374
0.22911
-0.3267
0.046241
-0.31785
-0.1383
-0.29751
-0.31785
-0.26642
-0.48591
-0.2257
-0.6364
-0.17683
-0.7639
-0.12156
-0.86378
-0.061898
-0.93245
-0.96741
0.026933
-0.99434
0.052893
-0.95841
0.076941
-0.88783
0.098208
-0.78516
0.11593
-0.65412
0.12945
-0.49943
0.1383
-0.3267
0.14215
-0.14215
0.14087
0.047528
0.13449
0.23549
0.12325
0.41494
0.10755
0.5794
0.087973
0.72291
0.065212
0.8403
0.040095
0.92732
0.013528
0.98082
-0.013528
0.99887
-0.040095
0.98082
-0.065212
0.92732
-0.087973
0.8403
-0.10755
0.72291
-0.12325
0.5794
-0.13449
0.41494
-0.14087
0.23549
-0.14215
0.047528
-0.1383
-0.14215
-0.12945
-0.3267
-0.11593
-0.49943
-0.098208
-0.65412
-0.076941
-0.78516
-0.052893
-0.88783
-0.026933
-0.95841
-0.99434
-0.0090049
-0.98534
-0.017684
-0.94973
-0.025725
-0.87979
-0.032835
-0.77805
-0.038759
-0.6482
-0.043282
-0.49491
-0.046241
-0.32374
-0.047528
-0.14087
-0.047098
0.047098
-0.044965
0.23336
-0.041207
0.41119
-0.03596
0.57415
-0.029413
0.71637
-0.021803
0.83269
-0.013405
0.91892
-0.0045229
0.97193
0.0045229
0.98982
0.013405
0.97193
0.021803
0.91892
0.029413
0.83269
0.03596
0.71637
0.041207
0.57415
0.044965
0.41119
0.047098
0.23336
0.047528
0.047098
0.046241
-0.14087
0.043282
-0.32374
0.038759
-0.49491
0.032835
-0.6482
0.025725
-0.77805
0.017684
-0.87979
0.0090049
-0.94973
-0.98534
-0.044618
-0.94072
-0.087623
-0.90672
-0.12746
-0.83995
-0.16269
-0.74282
-0.19204
-0.61884
-0.21445
-0.4725
-0.22911
-0.30908
-0.23549
-0.13449
-0.23336
0.044965
-0.22279
0.22279
-0.20417
0.39257
-0.17817
0.54815
-0.14574
0.68393
-0.10803
0.79499
-0.066421
0.87731
-0.02241
0.92792
0.02241
0.945
0.066421
0.92792
0.10803
0.87731
0.14574
0.79499
0.17817
0.68393
0.20417
0.54815
0.22279
0.39257
0.23336
0.22279
0.23549
0.044965
0.22911
-0.13449
0.21445
-0.30908
0.19204
-0.4725
0.16269
-0.61884
0.12746
-0.74282
0.087623
-0.83995
0.044618
-0.90672
-0.94072
-0.078618
-0.8621
-0.15439
-0.83095
-0.22459
-0.76975
-0.28667
-0.68074
-0.33839
-0.56713
-0.37787
-0.43301
-0.40371
-0.28325
-0.41494
-0.12325
-0.41119
0.041207
-0.39257
0.20417
-0.35976
0.35976
-0.31395
0.50234
-0.25679
0.62677
-0.19035
0.72855
-0.11704
0.80399
-0.039488
0.85038
0.039488
0.86603
0.11704
0.85038
0.19035
0.80399
0.25679
0.72855
0.31395
0.62677
0.35976
0.50234
0.39257
0.35976
0.41119
0.20417
0.41494
0.041207
0.40371
-0.12325
0.37787
-0.28325
0.33839
-0.43301
0.28667
-0.56713
0.22459
-0.68074
0.15439
-0.76975
0.078618
-0.83095
-0.8621
-0.10978
-0.75233
-0.21559
-0.72514
-0.3136
-0.67174
-0.40029
-0.59406
-0.4725
-0.49491
-0.52764
-0.37787
-0.56371
-0.24718
-0.5794
-0.10755
-0.57415
0.03596
-0.54815
0.17817
-0.50234
0.31395
-0.43838
0.43838
-0.35857
0.54696
-0.2658
0.63578
-0.16342
0.70161
-0.055138
0.74209
0.055138
0.75575
0.16342
0.74209
0.2658
0.70161
0.35857
0.63578
0.43838
0.54696
0.50234
0.43838
0.54815
0.31395
0.57415
0.17817
0.5794
0.03596
0.56371
-0.10755
0.52764
-0.24718
0.4725
-0.37787
0.40029
-0.49491
0.3136
-0.59406
0.21559
-0.67174
0.10978
-0.72514
-0.75233
-0.13697
-0.61536
-0.26898
-0.59312
-0.39128
-0.54944
-0.49943
-0.48591
-0.58954
-0.40481
-0.65833
-0.30908
-0.70333
-0.20218
-0.72291
-0.087973
-0.71637
0.029413
-0.68393
0.14574
-0.62677
0.25679
-0.54696
0.35857
-0.44738
0.44738
-0.33163
0.52003
-0.2039
0.57388
-0.068795
0.60699
0.068795
0.61816
0.2039
0.60699
0.33163
0.57388
0.44738
0.52003
0.54696
0.44738
0.62677
0.35857
0.68393
0.25679
0.71637
0.14574
0.72291
0.029413
0.70333
-0.087973
0.65833
-0.20218
0.58954
-0.30908
0.49943
-0.40481
0.39128
-0.48591
0.26898
-0.54944
0.13697
-0.59312
-0.61536
-0.15921
-0.45615
-0.31266
-0.43967
-0.45482
-0.40729
-0.58053
-0.36019
-0.68526
-0.30007
-0.76523
-0.22911
-0.81754
-0.14987
-0.8403
-0.065212
-0.83269
0.021803
-0.79499
0.10803
-0.72855
0.19035
-0.63578
0.2658
-0.52003
0.33163
-0.38548
0.38548
-0.23701
0.4254
-0.079966
0.44995
0.079966
0.45823
0.23701
0.44995
0.38548
0.4254
0.52003
0.38548
0.63578
0.33163
0.72855
0.2658
0.79499
0.19035
0.83269
0.10803
0.8403
0.021803
0.81754
-0.065212
0.76523
-0.14987
0.68526
-0.22911
0.58053
-0.30007
0.45482
-0.36019
0.31266
-0.40729
0.15921
-0.43967
-0.45615
-0.17569
-0.28046
-0.34504
-0.27032
-0.50191
-0.25041
-0.64065
-0.22146
-0.75623
-0.1845
-0.84447
-0.14087
-0.9022
-0.092146
-0.92732
-0.040095
-0.91892
0.013405
-0.87731
0.066421
-0.80399
0.11704
-0.70161
0.16342
-0.57388
0.2039
-0.4254
0.23701
-0.26155
0.26155
-0.088247
0.27664
0.088247
0.28173
0.26155
0.27664
0.4254
0.26155
0.57388
0.23701
0.70161
0.2039
0.80399
0.16342
0.87731
0.11704
0.91892
0.066421
0.92732
0.013405
0.9022
-0.040095
0.84447
-0.092146
0.75623
-0.14087
0.64065
-0.1845
0.50191
-0.22146
0.34504
-0.25041
0.17569
-0.27032
-0.28046
-0.18583
-0.094626
-0.36495
-0.091206
-0.53087
-0.084489
-0.67761
-0.074719
-0.79986
-0.062248
-0.89319
-0.047528
-0.95425
-0.03109
-0.98082
-0.013528
-0.97193
0.0045229
-0.92792
0.02241
-0.85038
0.039488
-0.74209
0.055138
-0.60699
0.068795
-0.44995
0.079966
-0.27664
0.088247
-0.093338
0.093338
0.093338
0.095056
0.27664
0.093338
0.44995
0.088247
0.60699
0.079966
0.74209
0.068795
0.85038
0.055138
0.92792
0.039488
0.97193
0.02241
0.98082
0.0045229
0.95425
-0.013528
0.89319
-0.03109
0.79986
-0.047528
0.67761
-0.062248
0.53087
-0.074719
0.36495
-0.084489
0.18583
-0.091206
-0.094626
-0.18925
0.094626
-0.37166
0.091206
-0.54064
0.084489
-0.69008
0.074719
-0.81458
0.062248
-0.90963
0.047528
-0.97181
0.03109
-0.99887
0.013528
-0.98982
-0.0045229
-0.945
-0.02241
-0.86603
-0.039488
-0.75575
-0.055138
-0.61816
-0.068795
-0.45823
-0.079966
-0.28173
-0.088247
-0.095056
-0.093338
0.095056
-0.095056
0.28173
-0.093338
0.45823
-0.088247
0.61816
-0.079966
0.75575
-0.068795
0.86603
-0.055138
0.945
-0.039488
0.98982
-0.02241
0.99887
-0.0045229
0.97181
0.013528
0.90963
0.03109
0.81458
0.047528
0.69008
0.062248
0.54064
0.074719
0.37166
0.084489
0.18925
0.091206
0.094626
-0.18583
0.28046
-0.36495
0.27032
-0.53087
0.25041
-0.67761
0.22146
-0.79986
0.1845
-0.89319
0.14087
-0.95425
0.092146
-0.98082
0.040095
-0.97193
-0.013405
-0.92792
-0.066421
-0.85038
-0.11704
-0.74209
-0.16342
-0.60699
-0.2039
-0.44995
-0.23701
-0.27664
-0.26155
-0.093338
-0.27664
0.093338
-0.28173
0.27664
-0.27664
0.44995
-0.26155
0.60699
-0.23701
0.74209
-0.2039
0.85038
-0.16342
0.92792
-0.11704
0.97193
-0.066421
0.98082
-0.013405
0.95425
0.040095
0.89319
0.092146
0.79986
0.14087
0.67761
0.1845
0.53087
0.22146
0.36495
0.25041
0.18583
0.27032
0.28046
-0.17569
0.45615
-0.34504
0.43967
-0.50191
0.40729
-0.64065
0.36019
-0.75623
0.30007
-0.84447
0.22911
-0.9022
0.14987
-0.92732
0.065212
-0.91892
-0.021803
-0.87731
-0.10803
-0.80399
-0.19035
-0.70161
-0.2658
-0.57388
-0.33163
-0.4254
-0.38548
-0.26155
-0.4254
-0.088247
-0.44995
0.088247
-0.45823
0.26155
-0.44995
0.4254
-0.4254
0.57388
-0.38548
0.70161
-0.33163
0.80399
-0.2658
0.87731
-0.19035
0.91892
-0.10803
0.92732
-0.021803
0.9022
0.065212
0.84447
0.14987
0.75623
0.22911
0.64065
0.30007
0.50191
0.36019
0.34504
0.40729
0.17569
0.43967
0.45615
-0.15921
0.61536
-0.31266
0.59312
-0.45482
0.54944
-0.58053
0.48591
-0.68526
0.40481
-0.76523
0.30908
-0.81754
0.20218
-0.8403
0.087973
-0.83269
-0.029413
-0.79499
-0.14574
-0.72855
-0.25679
-0.63578
-0.35857
-0.52003
-0.44738
-0.38548
-0.52003
-0.23701
-0.57388
-0.079966
-0.60699
0.079966
-0.61816
0.23701
-0.60699
0.38548
-0.57388
0.52003
-0.52003
0.63578
-0.44738
0.72855
-0.35857
0.79499
-0.25679
0.83269
-0.14574
0.8403
-0.029413
0.81754
0.087973
0.76523
0.20218
0.68526
0.30908
0.58053
0.40481
0.45482
0.48591
0.31266
0.54944
0.15921
0.59312
0.61536
-0.13697
0.75233
-0.26898
0.72514
-0.39128
0.67174
-0.49943
0.59406
-0.58954
0.49491
-0.65833
0.37787
-0.70333
0.24718
-0.72291
0.10755
-0.71637
-0.03596
-0.68393
-0.17817
-0.62677
-0.31395
-0.54696
-0.43838
-0.44738
-0.54696
-0.33163
-0.63578
-0.2039
-0.70161
-0.068795
-0.74209
0.068795
-0.75575
0.2039
-0.74209
0.33163
-0.70161
0.44738
-0.63578
0.54696
-0.54696
0.62677
-0.43838
0.68393
-0.31395
0.71637
-0.17817
0.72291
-0.03596
0.70333
0.10755
0.65833
0.24718
0.58954
0.37787
0.49943
0.49491
0.39128
0.59406
0.26898
0.67174
0.13697
0.72514
0.75233
-0.10978
0.8621
-0.21559
0.83095
-0.3136
0.76975
-0.40029
0.68074
-0.4725
0.56713
-0.52764
0.43301
-0.56371
0.28325
-0.5794
0.12325
-0.57415
-0.041207
-0.54815
-0.20417
-0.50234
-0.35976
-0.43838
-0.50234
-0.35857
-0.62677
-0.2658
-0.72855
-0.16342
-0.80399
-0.055138
-0.85038
0.055138
-0.86603
0.16342
-0.85038
0.2658
-0.80399
0.35857
-0.72855
0.43838
-0.62677
0.50234
-0.50234
0.54815
-0.35976
0.57415
-0.20417
0.5794
-0.041207
0.56371
0.12325
0.52764
0.28325
0.4725
0.43301
0.40029
0.56713
0.3136
0.68074
0.21559
0.76975
0.10978
0.83095
0.8621
-0.078618
0.94072
-0.15439
0.90672
-0.22459
0.83995
-0.28667
0.74282
-0.33839
0.61884
-0.37787
0.4725
-0.40371
0.30908
-0.41494
0.13449
-0.41119
-0.044965
-0.39257
-0.22279
-0.35976
-0.39257
-0.31395
-0.54815
-0.25679
-0.68393
-0.19035
-0.79499
-0.11704
-0.87731
-0.039488
-0.92792
0.039488
-0.945
0.11704
-0.92792
0.19035
-0.87731
0.25679
-0.79499
0.31395
-0.68393
0.35976
-0.54815
0.39257
-0.39257
0.41119
-0.22279
0.41494
-0.044965
0.40371
0.13449
0.37787
0.30908
0.33839
0.4725
0.28667
0.61884
0.22459
0.74282
0.15439
0.83995
0.078618
0.90672
0.94072
-0.044618
0.98534
-0.087623
0.94973
-0.12746
0.87979
-0.16269
0.77805
-0.19204
0.6482
-0.21445
0.49491
-0.22911
0.32374
-0.23549
0.14087
-0.23336
-0.047098
-0.22279
-0.23336
-0.20417
-0.41119
-0.17817
-0.57415
-0.14574
-0.71637
-0.10803
-0.83269
-0.066421
-0.91892
-0.02241
-0.97193
0.02241
-0.98982
0.066421
-0.97193
0.10803
-0.91892
0.14574
-0.83269
0.17817
-0.71637
0.20417
-0.57415
0.22279
-0.41119
0.23336
-0.23336
0.23549
-0.047098
0.22911
0.14087
0.21445
0.32374
0.19204
0.49491
0.16269
0.6482
0.12746
0.77805
0.087623
0.87979
0.044618
0.94973
0.98534
-0.0090049
0.99434
-0.017684
0.95841
-0.025725
0.88783
-0.032835
0.78516
-0.038759
0.65412
-0.043282
0.49943
-0.046241
0.3267
-0.047528
0.14215
-0.047098
-0.047528
-0.044965
-0.23549
-0.041207
-0.41494
-0.03596
-0.5794
-0.029413
-0.72291
-0.021803
-0.8403
-0.013405
-0.92732
-0.0045229
-0.98082
0.0045229
-0.99887
0.013405
-0.98082
0.021803
-0.92732
0.029413
-0.8403
0.03596
-0.72291
0.041207
-0.5794
0.044965
-0.41494
0.047098
-0.23549
0.047528
-0.047528
0.046241
0.14215
0.043282
0.3267
0.038759
0.49943
0.032835
0.65412
0.025725
0.78516
0.017684
0.88783
0.0090049
0.95841
0.99434
0.026933
0.96741
0.052893
0.93245
0.076941
0.86378
0.098208
0.7639
0.11593
0.6364
0.12945
0.48591
0.1383
0.31785
0.14215
0.1383
0.14087
-0.046241
0.13449
-0.22911
0.12325
-0.40371
0.10755
-0.56371
0.087973
-0.70333
0.065212
-0.81754
0.040095
-0.9022
0.013528
-0.95425
-0.013528
-0.97181
-0.040095
-0.95425
-0.065212
-0.9022
-0.087973
-0.81754
-0.10755
-0.70333
-0.12325
-0.56371
-0.13449
-0.40371
-0.14087
-0.22911
-0.14215
-0.046241
-0.1383
0.1383
-0.12945
0.31785
-0.11593
0.48591
-0.098208
0.6364
-0.076941
0.7639
-0.052893
0.86378
-0.026933
0.93245
0.96741
0.061898
0.90551
0.12156
0.87279
0.17683
0.80851
0.2257
0.71502
0.26642
0.59568
0.29751
0.45482
0.31785
0.29751
0.3267
0.12945
0.32374
-0.043282
0.30908
-0.21445
0.28325
-0.37787
0.24718
-0.52764
0.20218
-0.65833
0.14987
-0.76523
0.092146
-0.84447
0.03109
-0.89319
-0.03109
-0.90963
-0.092146
-0.89319
-0.14987
-0.84447
-0.20218
-0.76523
-0.24718
-0.65833
-0.28325
-0.52764
-0.30908
-0.37787
-0.32374
-0.21445
-0.3267
-0.043282
-0.31785
0.12945
-0.29751
0.29751
-0.26642
0.45482
-0.2257
0.59568
-0.17683
0.71502
-0.12156
0.80851
-0.061898
0.87279
0.90551
0.094626
0.81089
0.18583
0.78158
0.27032
0.72402
0.34504
0.6403
0.40729
0.53343
0.45482
0.40729
0.48591
0.26642
0.49943
0.11593
0.49491
-0.038759
0.4725
-0.19204
0.43301
-0.33839
0.37787
-0.4725
0.30908
-0.58954
0.22911
-0.68526
0.14087
-0.75623
0.047528
-0.79986
-0.047528
-0.81458
-0.14087
-0.79986
-0.22911
-0.75623
-0.30908
-0.68526
-0.37787
-0.58954
-0.43301
-0.4725
-0.4725
-0.33839
-0.49491
-0.19204
-0.49943
-0.038759
-0.48591
0.11593
-0.45482
0.26642
-0.40729
0.40729
-0.34504
0.53343
-0.27032
0.6403
-0.18583
0.72402
-0.094626
0.78158
0.81089
0.12393
0.68695
0.24339
0.66213
0.35404
0.61337
0.45191
0.54244
0.53343
0.45191
0.59568
0.34504
0.6364
0.2257
0.65412
0.098208
0.6482
-0.032835
0.61884
-0.16269
0.56713
-0.28667
0.49491
-0.40029
0.40481
-0.49943
0.30007
-0.58053
0.1845
-0.64065
0.062248
-0.67761
-0.062248
-0.69008
-0.1845
-0.67761
-0.30007
-0.64065
-0.40481
-0.58053
-0.49491
-0.49943
-0.56713
-0.40029
-0.61884
-0.28667
-0.6482
-0.16269
-0.65412
-0.032835
-0.6364
0.098208
-0.59568
0.2257
-0.53343
0.34504
-0.45191
0.45191
-0.35404
0.54244
-0.24339
0.61337
-0.12393
0.66213
0.68695
0.14876
0.53819
0.29215
0.51874
0.42497
0.48054
0.54244
0.42497
0.6403
0.35404
0.71502
0.27032
0.7639
0.17683
0.78516
0.076941
0.77805
-0.025725
0.74282
-0.12746
0.68074
-0.22459
0.59406
-0.3136
0.48591
-0.39128
0.36019
-0.45482
0.22146
-0.50191
0.074719
-0.53087
-0.074719
-0.54064
-0.22146
-0.53087
-0.36019
-0.50191
-0.48591
-0.45482
-0.59406
-0.39128
-0.68074
-0.3136
-0.74282
-0.22459
-0.77805
-0.12746
-0.78516
-0.025725
-0.7639
0.076941
-0.71502
0.17683
-0.6403
0.27032
-0.54244
0.35404
-0.42497
0.42497
-0.29215
0.48054
-0.14876
0.51874
0.53819
0.16821
0.36998
0.33035
0.35661
0.48054
0.33035
0.61337
0.29215
0.72402
0.24339
0.80851
0.18583
0.86378
0.12156
0.88783
0.052893
0.87979
-0.017684
0.83995
-0.087623
0.76975
-0.15439
0.67174
-0.21559
0.54944
-0.26898
0.40729
-0.31266
0.25041
-0.34504
0.084489
-0.36495
-0.084489
-0.37166
-0.25041
-0.36495
-0.40729
-0.34504
-0.54944
-0.31266
-0.67174
-0.26898
-0.76975
-0.21559
-0.83995
-0.15439
-0.87979
-0.087623
-0.88783
-0.017684
-0.86378
0.052893
-0.80851
0.12156
-0.72402
0.18583
-0.61337
0.24339
-0.48054
0.29215
-0.33035
0.33035
-0.16821
0.35661
0.36998
0.18159
0.18839
0.35661
0.18159
0.51874
0.16821
0.66213
0.14876
0.78158
0.12393
0.87279
0.094626
0.93245
0.061898
0.95841
0.026933
0.94973
-0.0090049
0.90672
-0.044618
0.83095
-0.078618
0.72514
-0.10978
0.59312
-0.13697
0.43967
-0.15921
0.27032
-0.17569
0.091206
-0.18583
-0.091206
-0.18925
-0.27032
-0.18583
-0.43967
-0.17569
-0.59312
-0.15921
-0.72514
-0.13697
-0.83095
-0.10978
-0.90672
-0.078618
-0.94973
-0.044618
-0.95841
-0.0090049
-0.93245
0.026933
-0.87279
0.061898
-0.78158
0.094626
-0.66213
0.12393
-0.51874
0.14876
-0.35661
0.16821
-0.18159
0.18159
0.18839
0.18839
0.36998
0.53819
0.68695
0.81089
0.90551
0.96741
0.99434
0.98534
0.94072
0.8621
0.75233
0.61536
0.45615
0.28046
0.094626
-0.094626
-0.28046
-0.45615
-0.61536
-0.75233
-0.8621
-0.94072
-0.98534
-0.99434
-0.96741
-0.90551
-0.81089
-0.68695
-0.53819
-0.36998
-0.18839
)
;

boundaryField
{
    upperBoundary
    {
        type             calculated;
        value            nonuniform List<scalar>
33
(
1.7877e-10
1.7231e-10
1.5962e-10
1.4116e-10
1.176e-10
8.9793e-11
5.8737e-11
2.5558e-11
-8.5451e-12
-4.2339e-11
-7.4603e-11
-1.0417e-10
-1.2997e-10
-1.5108e-10
-1.6672e-10
-1.7634e-10
-1.7959e-10
-1.7634e-10
-1.6672e-10
-1.5108e-10
-1.2997e-10
-1.0417e-10
-7.4603e-11
-4.2339e-11
-8.5451e-12
2.5558e-11
5.8737e-11
8.9793e-11
1.176e-10
1.4116e-10
1.5962e-10
1.7231e-10
1.7877e-10
)
;
    }
    lowerBoundary
    {
        type             calculated;
        value            nonuniform List<scalar>
33
(
0
0
0
0
0
0
0
0
0
0
0
0
0
0
0
0
0
0
0
0
0
0
0
0
0
0
0
0
0
0
0
0
0
)
;
    }
    leftBoundary
    {
        type             calculated;
        value            nonuniform List<scalar>
33
(
0
0
0
0
0
0
0
0
0
0
0
0
0
0
0
0
0
0
0
0
0
0
0
0
0
0
0
0
0
0
0
0
0
)
;
    }
    rightBoundary
    {
        type             calculated;
        value            nonuniform List<scalar>
33
(
-1.7877e-10
-1.7231e-10
-1.5962e-10
-1.4116e-10
-1.176e-10
-8.9794e-11
-5.8737e-11
-2.5558e-11
8.5451e-12
4.2339e-11
7.4603e-11
1.0417e-10
1.2997e-10
1.5108e-10
1.6672e-10
1.7634e-10
1.7959e-10
1.7634e-10
1.6672e-10
1.5108e-10
1.2997e-10
1.0417e-10
7.4603e-11
4.2339e-11
8.5451e-12
-2.5558e-11
-5.8737e-11
-8.9793e-11
-1.176e-10
-1.4116e-10
-1.5962e-10
-1.7231e-10
-1.7877e-10
)
;
    }
    frontAndBack
    {
        type             calculated;
        value            nonuniform List<scalar>
2178
(
0
0
0
0
0
0
0
0
0
0
0
0
0
0
0
0
0
0
0
0
0
0
0
0
0
0
0
0
0
0
0
0
0
0
0
0
0
0
0
0
0
0
0
0
0
0
0
0
0
0
0
0
0
0
0
0
0
0
0
0
0
0
0
0
0
0
0
0
0
0
0
0
0
0
0
0
0
0
0
0
0
0
0
0
0
0
0
0
0
0
0
0
0
0
0
0
0
0
0
0
0
0
0
0
0
0
0
0
0
0
0
0
0
0
0
0
0
0
0
0
0
0
0
0
0
0
0
0
0
0
0
0
0
0
0
0
0
0
0
0
0
0
0
0
0
0
0
0
0
0
0
0
0
0
0
0
0
0
0
0
0
0
0
0
0
0
0
0
0
0
0
0
0
0
0
0
0
0
0
0
0
0
0
0
0
0
0
0
0
0
0
0
0
0
0
0
0
0
0
0
0
0
0
0
0
0
0
0
0
0
0
0
0
0
0
0
0
0
0
0
0
0
0
0
0
0
0
0
0
0
0
0
0
0
0
0
0
0
0
0
0
0
0
0
0
0
0
0
0
0
0
0
0
0
0
0
0
0
0
0
0
0
0
0
0
0
0
0
0
0
0
0
0
0
0
0
0
0
0
0
0
0
0
0
0
0
0
0
0
0
0
0
0
0
0
0
0
0
0
0
0
0
0
0
0
0
0
0
0
0
0
0
0
0
0
0
0
0
0
0
0
0
0
0
0
0
0
0
0
0
0
0
0
0
0
0
0
0
0
0
0
0
0
0
0
0
0
0
0
0
0
0
0
0
0
0
0
0
0
0
0
0
0
0
0
0
0
0
0
0
0
0
0
0
0
0
0
0
0
0
0
0
0
0
0
0
0
0
0
0
0
0
0
0
0
0
0
0
0
0
0
0
0
0
0
0
0
0
0
0
0
0
0
0
0
0
0
0
0
0
0
0
0
0
0
0
0
0
0
0
0
0
0
0
0
0
0
0
0
0
0
0
0
0
0
0
0
0
0
0
0
0
0
0
0
0
0
0
0
0
0
0
0
0
0
0
0
0
0
0
0
0
0
0
0
0
0
0
0
0
0
0
0
0
0
0
0
0
0
0
0
0
0
0
0
0
0
0
0
0
0
0
0
0
0
0
0
0
0
0
0
0
0
0
0
0
0
0
0
0
0
0
0
0
0
0
0
0
0
0
0
0
0
0
0
0
0
0
0
0
0
0
0
0
0
0
0
0
0
0
0
0
0
0
0
0
0
0
0
0
0
0
0
0
0
0
0
0
0
0
0
0
0
0
0
0
0
0
0
0
0
0
0
0
0
0
0
0
0
0
0
0
0
0
0
0
0
0
0
0
0
0
0
0
0
0
0
0
0
0
0
0
0
0
0
0
0
0
0
0
0
0
0
0
0
0
0
0
0
0
0
0
0
0
0
0
0
0
0
0
0
0
0
0
0
0
0
0
0
0
0
0
0
0
0
0
0
0
0
0
0
0
0
0
0
0
0
0
0
0
0
0
0
0
0
0
0
0
0
0
0
0
0
0
0
0
0
0
0
0
0
0
0
0
0
0
0
0
0
0
0
0
0
0
0
0
0
0
0
0
0
0
0
0
0
0
0
0
0
0
0
0
0
0
0
0
0
0
0
0
0
0
0
0
0
0
0
0
0
0
0
0
0
0
0
0
0
0
0
0
0
0
0
0
0
0
0
0
0
0
0
0
0
0
0
0
0
0
0
0
0
0
0
0
0
0
0
0
0
0
0
0
0
0
0
0
0
0
0
0
0
0
0
0
0
0
0
0
0
0
0
0
0
0
0
0
0
0
0
0
0
0
0
0
0
0
0
0
0
0
0
0
0
0
0
0
0
0
0
0
0
0
0
0
0
0
0
0
0
0
0
0
0
0
0
0
0
0
0
0
0
0
0
0
0
0
0
0
0
0
0
0
0
0
0
0
0
0
0
0
0
0
0
0
0
0
0
0
0
0
0
0
0
0
0
0
0
0
0
0
0
0
0
0
0
0
0
0
0
0
0
0
0
0
0
0
0
0
0
0
0
0
0
0
0
0
0
0
0
0
0
0
0
0
0
0
0
0
0
0
0
0
0
0
0
0
0
0
0
0
0
0
0
0
0
0
0
0
0
0
0
0
0
0
0
0
0
0
0
0
0
0
0
0
0
0
0
0
0
0
0
0
0
0
0
0
0
0
0
0
0
0
0
0
0
0
0
0
0
0
0
0
0
0
0
0
0
0
0
0
0
0
0
0
0
0
0
0
0
0
0
0
0
0
0
0
0
0
0
0
0
0
0
0
0
0
0
0
0
0
0
0
0
0
0
0
0
0
0
0
0
0
0
0
0
0
0
0
0
0
0
0
0
0
0
0
0
0
0
0
0
0
0
0
0
0
0
0
0
0
0
0
0
0
0
0
0
0
0
0
0
0
0
0
0
0
0
0
0
0
0
0
0
0
0
0
0
0
0
0
0
0
0
0
0
0
0
0
0
0
0
0
0
0
0
0
0
0
0
0
0
0
0
0
0
0
0
0
0
0
0
0
0
0
0
0
0
0
0
0
0
0
0
0
0
0
0
0
0
0
0
0
0
0
0
0
0
0
0
0
0
0
0
0
0
0
0
0
0
0
0
0
0
0
0
0
0
0
0
0
0
0
0
0
0
0
0
0
0
0
0
0
0
0
0
0
0
0
0
0
0
0
0
0
0
0
0
0
0
0
0
0
0
0
0
0
0
0
0
0
0
0
0
0
0
0
0
0
0
0
0
0
0
0
0
0
0
0
0
0
0
0
0
0
0
0
0
0
0
0
0
0
0
0
0
0
0
0
0
0
0
0
0
0
0
0
0
0
0
0
0
0
0
0
0
0
0
0
0
0
0
0
0
0
0
0
0
0
0
0
0
0
0
0
0
0
0
0
0
0
0
0
0
0
0
0
0
0
0
0
0
0
0
0
0
0
0
0
0
0
0
0
0
0
0
0
0
0
0
0
0
0
0
0
0
0
0
0
0
0
0
0
0
0
0
0
0
0
0
0
0
0
0
0
0
0
0
0
0
0
0
0
0
0
0
0
0
0
0
0
0
0
0
0
0
0
0
0
0
0
0
0
0
0
0
0
0
0
0
0
0
0
0
0
0
0
0
0
0
0
0
0
0
0
0
0
0
0
0
0
0
0
0
0
0
0
0
0
0
0
0
0
0
0
0
0
0
0
0
0
0
0
0
0
0
0
0
0
0
0
0
0
0
0
0
0
0
0
0
0
0
0
0
0
0
0
0
0
0
0
0
0
0
0
0
0
0
0
0
0
0
0
0
0
0
0
0
0
0
0
0
0
0
0
0
0
0
0
0
0
0
0
0
0
0
0
0
0
0
0
0
0
0
0
0
0
0
0
0
0
0
0
0
0
0
0
0
0
0
0
0
0
0
0
0
0
0
0
0
0
0
0
0
0
0
0
0
0
0
0
0
0
0
0
0
0
0
0
0
0
0
0
0
0
0
0
0
0
0
0
0
0
0
0
0
0
0
0
0
0
0
0
0
0
0
0
0
0
0
0
0
0
0
0
0
0
0
0
0
0
0
0
0
0
0
0
0
0
0
0
0
0
0
0
0
0
0
0
0
0
0
0
0
0
0
0
0
0
0
0
0
0
0
0
0
0
0
0
0
0
0
0
0
0
0
0
0
0
0
0
0
0
0
0
0
0
0
0
0
0
0
0
0
0
0
0
0
0
0
0
0
0
0
0
0
0
0
0
0
0
0
0
0
0
0
0
0
0
0
0
0
0
0
0
0
0
0
0
0
0
0
0
0
0
0
0
0
0
0
0
0
0
0
0
0
0
0
0
0
0
0
0
0
0
0
0
0
0
0
0
0
0
0
0
0
0
0
0
0
0
0
0
0
0
0
0
0
0
0
0
0
0
0
0
0
0
0
0
0
0
0
0
0
0
0
0
0
0
0
0
0
0
0
0
0
0
0
0
0
0
0
0
0
0
0
0
0
0
0
0
0
0
0
0
0
0
0
0
0
0
0
0
0
0
0
0
0
0
0
0
0
0
0
0
0
0
0
0
0
0
0
0
0
0
0
0
0
0
0
0
0
0
0
0
0
0
0
0
0
0
0
0
0
0
0
0
0
0
0
0
0
0
0
0
0
0
0
0
0
0
0
0
0
0
0
0
0
0
0
0
0
0
0
0
0
0
0
0
0
0
0
0
0
0
0
0
0
0
0
0
0
0
0
0
0
0
0
0
0
0
0
0
0
0
0
0
0
0
0
0
0
0
0
0
0
0
0
0
0
0
0
0
0
0
0
0
0
0
0
0
0
0
0
0
0
0
0
0
0
0
0
0
0
0
0
0
0
0
0
0
0
0
0
0
0
0
0
0
0
0
0
0
0
0
0
0
0
0
0
0
0
0
0
0
0
0
0
0
0
0
0
0
0
0
0
0
0
0
0
0
0
0
0
0
0
0
0
0
0
0
0
0
0
0
0
0
0
0
0
0
0
0
0
0
0
0
0
0
0
0
0
0
0
0
0
0
0
0
0
0
0
0
0
0
0
0
0
0
0
0
0
0
0
0
0
0
0
0
0
0
0
0
0
0
0
0
0
0
0
0
0
0
0
0
0
0
0
0
0
0
0
0
0
0
0
0
0
0
0
0
0
0
0
0
0
0
0
0
0
0
0
0
0
0
0
0
0
0
0
0
0
0
0
0
0
0
0
0
0
0
0
0
0
0
0
0
0
0
0
0
0
0
0
0
0
0
0
0
0
0
0
0
0
0
0
0
0
0
0
0
0
0
0
0
0
0
0
0
0
0
0
0
0
0
0
0
0
0
0
0
0
0
0
0
0
0
0
0
0
0
0
0
0
0
0
0
0
0
0
0
0
0
0
0
0
0
0
0
)
;
    }
}

// ************************************************************************* //
