/*--------------------------------*- C++ -*----------------------------------*\
| =========                 |                                                 |
| \\      /  F ield         | OpenFOAM: The Open Source CFD Toolbox           |
|  \\    /   O peration     | Version:  2012                                  |
|   \\  /    A nd           | Website:  www.openfoam.com                      |
|    \\/     M anipulation  |                                                 |
\*---------------------------------------------------------------------------*/
FoamFile
{
    version     2.0;
    format      ascii;
    class       vectorField;
    location    "constant/polyMesh";
    object      points;
}
// * * * * * * * * * * * * * * * * * * * * * * * * * * * * * * * * * * * * * //


2312
(
(0 0 -0.1)
(0.1903995548 0 -0.1)
(0.3807991095 0 -0.1)
(0.5711986643 0 -0.1)
(0.7615982191 0 -0.1)
(0.9519977738 0 -0.1)
(1.142397329 0 -0.1)
(1.332796883 0 -0.1)
(1.523196438 0 -0.1)
(1.713595993 0 -0.1)
(1.903995548 0 -0.1)
(2.094395102 0 -0.1)
(2.284794657 0 -0.1)
(2.475194212 0 -0.1)
(2.665593767 0 -0.1)
(2.855993321 0 -0.1)
(3.046392876 0 -0.1)
(3.236792431 0 -0.1)
(3.427191986 0 -0.1)
(3.61759154 0 -0.1)
(3.807991095 0 -0.1)
(3.99839065 0 -0.1)
(4.188790205 0 -0.1)
(4.37918976 0 -0.1)
(4.569589314 0 -0.1)
(4.759988869 0 -0.1)
(4.950388424 0 -0.1)
(5.140787979 0 -0.1)
(5.331187533 0 -0.1)
(5.521587088 0 -0.1)
(5.711986643 0 -0.1)
(5.902386198 0 -0.1)
(6.092785752 0 -0.1)
(6.283185307 0 -0.1)
(0 0.1903995548 -0.1)
(0.1903995548 0.1903995548 -0.1)
(0.3807991095 0.1903995548 -0.1)
(0.5711986643 0.1903995548 -0.1)
(0.7615982191 0.1903995548 -0.1)
(0.9519977738 0.1903995548 -0.1)
(1.142397329 0.1903995548 -0.1)
(1.332796883 0.1903995548 -0.1)
(1.523196438 0.1903995548 -0.1)
(1.713595993 0.1903995548 -0.1)
(1.903995548 0.1903995548 -0.1)
(2.094395102 0.1903995548 -0.1)
(2.284794657 0.1903995548 -0.1)
(2.475194212 0.1903995548 -0.1)
(2.665593767 0.1903995548 -0.1)
(2.855993321 0.1903995548 -0.1)
(3.046392876 0.1903995548 -0.1)
(3.236792431 0.1903995548 -0.1)
(3.427191986 0.1903995548 -0.1)
(3.61759154 0.1903995548 -0.1)
(3.807991095 0.1903995548 -0.1)
(3.99839065 0.1903995548 -0.1)
(4.188790205 0.1903995548 -0.1)
(4.37918976 0.1903995548 -0.1)
(4.569589314 0.1903995548 -0.1)
(4.759988869 0.1903995548 -0.1)
(4.950388424 0.1903995548 -0.1)
(5.140787979 0.1903995548 -0.1)
(5.331187533 0.1903995548 -0.1)
(5.521587088 0.1903995548 -0.1)
(5.711986643 0.1903995548 -0.1)
(5.902386198 0.1903995548 -0.1)
(6.092785752 0.1903995548 -0.1)
(6.283185307 0.1903995548 -0.1)
(0 0.3807991095 -0.1)
(0.1903995548 0.3807991095 -0.1)
(0.3807991095 0.3807991095 -0.1)
(0.5711986643 0.3807991095 -0.1)
(0.7615982191 0.3807991095 -0.1)
(0.9519977738 0.3807991095 -0.1)
(1.142397329 0.3807991095 -0.1)
(1.332796883 0.3807991095 -0.1)
(1.523196438 0.3807991095 -0.1)
(1.713595993 0.3807991095 -0.1)
(1.903995548 0.3807991095 -0.1)
(2.094395102 0.3807991095 -0.1)
(2.284794657 0.3807991095 -0.1)
(2.475194212 0.3807991095 -0.1)
(2.665593767 0.3807991095 -0.1)
(2.855993321 0.3807991095 -0.1)
(3.046392876 0.3807991095 -0.1)
(3.236792431 0.3807991095 -0.1)
(3.427191986 0.3807991095 -0.1)
(3.61759154 0.3807991095 -0.1)
(3.807991095 0.3807991095 -0.1)
(3.99839065 0.3807991095 -0.1)
(4.188790205 0.3807991095 -0.1)
(4.37918976 0.3807991095 -0.1)
(4.569589314 0.3807991095 -0.1)
(4.759988869 0.3807991095 -0.1)
(4.950388424 0.3807991095 -0.1)
(5.140787979 0.3807991095 -0.1)
(5.331187533 0.3807991095 -0.1)
(5.521587088 0.3807991095 -0.1)
(5.711986643 0.3807991095 -0.1)
(5.902386198 0.3807991095 -0.1)
(6.092785752 0.3807991095 -0.1)
(6.283185307 0.3807991095 -0.1)
(0 0.5711986643 -0.1)
(0.1903995548 0.5711986643 -0.1)
(0.3807991095 0.5711986643 -0.1)
(0.5711986643 0.5711986643 -0.1)
(0.7615982191 0.5711986643 -0.1)
(0.9519977738 0.5711986643 -0.1)
(1.142397329 0.5711986643 -0.1)
(1.332796883 0.5711986643 -0.1)
(1.523196438 0.5711986643 -0.1)
(1.713595993 0.5711986643 -0.1)
(1.903995548 0.5711986643 -0.1)
(2.094395102 0.5711986643 -0.1)
(2.284794657 0.5711986643 -0.1)
(2.475194212 0.5711986643 -0.1)
(2.665593767 0.5711986643 -0.1)
(2.855993321 0.5711986643 -0.1)
(3.046392876 0.5711986643 -0.1)
(3.236792431 0.5711986643 -0.1)
(3.427191986 0.5711986643 -0.1)
(3.61759154 0.5711986643 -0.1)
(3.807991095 0.5711986643 -0.1)
(3.99839065 0.5711986643 -0.1)
(4.188790205 0.5711986643 -0.1)
(4.37918976 0.5711986643 -0.1)
(4.569589314 0.5711986643 -0.1)
(4.759988869 0.5711986643 -0.1)
(4.950388424 0.5711986643 -0.1)
(5.140787979 0.5711986643 -0.1)
(5.331187533 0.5711986643 -0.1)
(5.521587088 0.5711986643 -0.1)
(5.711986643 0.5711986643 -0.1)
(5.902386198 0.5711986643 -0.1)
(6.092785752 0.5711986643 -0.1)
(6.283185307 0.5711986643 -0.1)
(0 0.7615982191 -0.1)
(0.1903995548 0.7615982191 -0.1)
(0.3807991095 0.7615982191 -0.1)
(0.5711986643 0.7615982191 -0.1)
(0.7615982191 0.7615982191 -0.1)
(0.9519977738 0.7615982191 -0.1)
(1.142397329 0.7615982191 -0.1)
(1.332796883 0.7615982191 -0.1)
(1.523196438 0.7615982191 -0.1)
(1.713595993 0.7615982191 -0.1)
(1.903995548 0.7615982191 -0.1)
(2.094395102 0.7615982191 -0.1)
(2.284794657 0.7615982191 -0.1)
(2.475194212 0.7615982191 -0.1)
(2.665593767 0.7615982191 -0.1)
(2.855993321 0.7615982191 -0.1)
(3.046392876 0.7615982191 -0.1)
(3.236792431 0.7615982191 -0.1)
(3.427191986 0.7615982191 -0.1)
(3.61759154 0.7615982191 -0.1)
(3.807991095 0.7615982191 -0.1)
(3.99839065 0.7615982191 -0.1)
(4.188790205 0.7615982191 -0.1)
(4.37918976 0.7615982191 -0.1)
(4.569589314 0.7615982191 -0.1)
(4.759988869 0.7615982191 -0.1)
(4.950388424 0.7615982191 -0.1)
(5.140787979 0.7615982191 -0.1)
(5.331187533 0.7615982191 -0.1)
(5.521587088 0.7615982191 -0.1)
(5.711986643 0.7615982191 -0.1)
(5.902386198 0.7615982191 -0.1)
(6.092785752 0.7615982191 -0.1)
(6.283185307 0.7615982191 -0.1)
(0 0.9519977738 -0.1)
(0.1903995548 0.9519977738 -0.1)
(0.3807991095 0.9519977738 -0.1)
(0.5711986643 0.9519977738 -0.1)
(0.7615982191 0.9519977738 -0.1)
(0.9519977738 0.9519977738 -0.1)
(1.142397329 0.9519977738 -0.1)
(1.332796883 0.9519977738 -0.1)
(1.523196438 0.9519977738 -0.1)
(1.713595993 0.9519977738 -0.1)
(1.903995548 0.9519977738 -0.1)
(2.094395102 0.9519977738 -0.1)
(2.284794657 0.9519977738 -0.1)
(2.475194212 0.9519977738 -0.1)
(2.665593767 0.9519977738 -0.1)
(2.855993321 0.9519977738 -0.1)
(3.046392876 0.9519977738 -0.1)
(3.236792431 0.9519977738 -0.1)
(3.427191986 0.9519977738 -0.1)
(3.61759154 0.9519977738 -0.1)
(3.807991095 0.9519977738 -0.1)
(3.99839065 0.9519977738 -0.1)
(4.188790205 0.9519977738 -0.1)
(4.37918976 0.9519977738 -0.1)
(4.569589314 0.9519977738 -0.1)
(4.759988869 0.9519977738 -0.1)
(4.950388424 0.9519977738 -0.1)
(5.140787979 0.9519977738 -0.1)
(5.331187533 0.9519977738 -0.1)
(5.521587088 0.9519977738 -0.1)
(5.711986643 0.9519977738 -0.1)
(5.902386198 0.9519977738 -0.1)
(6.092785752 0.9519977738 -0.1)
(6.283185307 0.9519977738 -0.1)
(0 1.142397329 -0.1)
(0.1903995548 1.142397329 -0.1)
(0.3807991095 1.142397329 -0.1)
(0.5711986643 1.142397329 -0.1)
(0.7615982191 1.142397329 -0.1)
(0.9519977738 1.142397329 -0.1)
(1.142397329 1.142397329 -0.1)
(1.332796883 1.142397329 -0.1)
(1.523196438 1.142397329 -0.1)
(1.713595993 1.142397329 -0.1)
(1.903995548 1.142397329 -0.1)
(2.094395102 1.142397329 -0.1)
(2.284794657 1.142397329 -0.1)
(2.475194212 1.142397329 -0.1)
(2.665593767 1.142397329 -0.1)
(2.855993321 1.142397329 -0.1)
(3.046392876 1.142397329 -0.1)
(3.236792431 1.142397329 -0.1)
(3.427191986 1.142397329 -0.1)
(3.61759154 1.142397329 -0.1)
(3.807991095 1.142397329 -0.1)
(3.99839065 1.142397329 -0.1)
(4.188790205 1.142397329 -0.1)
(4.37918976 1.142397329 -0.1)
(4.569589314 1.142397329 -0.1)
(4.759988869 1.142397329 -0.1)
(4.950388424 1.142397329 -0.1)
(5.140787979 1.142397329 -0.1)
(5.331187533 1.142397329 -0.1)
(5.521587088 1.142397329 -0.1)
(5.711986643 1.142397329 -0.1)
(5.902386198 1.142397329 -0.1)
(6.092785752 1.142397329 -0.1)
(6.283185307 1.142397329 -0.1)
(0 1.332796883 -0.1)
(0.1903995548 1.332796883 -0.1)
(0.3807991095 1.332796883 -0.1)
(0.5711986643 1.332796883 -0.1)
(0.7615982191 1.332796883 -0.1)
(0.9519977738 1.332796883 -0.1)
(1.142397329 1.332796883 -0.1)
(1.332796883 1.332796883 -0.1)
(1.523196438 1.332796883 -0.1)
(1.713595993 1.332796883 -0.1)
(1.903995548 1.332796883 -0.1)
(2.094395102 1.332796883 -0.1)
(2.284794657 1.332796883 -0.1)
(2.475194212 1.332796883 -0.1)
(2.665593767 1.332796883 -0.1)
(2.855993321 1.332796883 -0.1)
(3.046392876 1.332796883 -0.1)
(3.236792431 1.332796883 -0.1)
(3.427191986 1.332796883 -0.1)
(3.61759154 1.332796883 -0.1)
(3.807991095 1.332796883 -0.1)
(3.99839065 1.332796883 -0.1)
(4.188790205 1.332796883 -0.1)
(4.37918976 1.332796883 -0.1)
(4.569589314 1.332796883 -0.1)
(4.759988869 1.332796883 -0.1)
(4.950388424 1.332796883 -0.1)
(5.140787979 1.332796883 -0.1)
(5.331187533 1.332796883 -0.1)
(5.521587088 1.332796883 -0.1)
(5.711986643 1.332796883 -0.1)
(5.902386198 1.332796883 -0.1)
(6.092785752 1.332796883 -0.1)
(6.283185307 1.332796883 -0.1)
(0 1.523196438 -0.1)
(0.1903995548 1.523196438 -0.1)
(0.3807991095 1.523196438 -0.1)
(0.5711986643 1.523196438 -0.1)
(0.7615982191 1.523196438 -0.1)
(0.9519977738 1.523196438 -0.1)
(1.142397329 1.523196438 -0.1)
(1.332796883 1.523196438 -0.1)
(1.523196438 1.523196438 -0.1)
(1.713595993 1.523196438 -0.1)
(1.903995548 1.523196438 -0.1)
(2.094395102 1.523196438 -0.1)
(2.284794657 1.523196438 -0.1)
(2.475194212 1.523196438 -0.1)
(2.665593767 1.523196438 -0.1)
(2.855993321 1.523196438 -0.1)
(3.046392876 1.523196438 -0.1)
(3.236792431 1.523196438 -0.1)
(3.427191986 1.523196438 -0.1)
(3.61759154 1.523196438 -0.1)
(3.807991095 1.523196438 -0.1)
(3.99839065 1.523196438 -0.1)
(4.188790205 1.523196438 -0.1)
(4.37918976 1.523196438 -0.1)
(4.569589314 1.523196438 -0.1)
(4.759988869 1.523196438 -0.1)
(4.950388424 1.523196438 -0.1)
(5.140787979 1.523196438 -0.1)
(5.331187533 1.523196438 -0.1)
(5.521587088 1.523196438 -0.1)
(5.711986643 1.523196438 -0.1)
(5.902386198 1.523196438 -0.1)
(6.092785752 1.523196438 -0.1)
(6.283185307 1.523196438 -0.1)
(0 1.713595993 -0.1)
(0.1903995548 1.713595993 -0.1)
(0.3807991095 1.713595993 -0.1)
(0.5711986643 1.713595993 -0.1)
(0.7615982191 1.713595993 -0.1)
(0.9519977738 1.713595993 -0.1)
(1.142397329 1.713595993 -0.1)
(1.332796883 1.713595993 -0.1)
(1.523196438 1.713595993 -0.1)
(1.713595993 1.713595993 -0.1)
(1.903995548 1.713595993 -0.1)
(2.094395102 1.713595993 -0.1)
(2.284794657 1.713595993 -0.1)
(2.475194212 1.713595993 -0.1)
(2.665593767 1.713595993 -0.1)
(2.855993321 1.713595993 -0.1)
(3.046392876 1.713595993 -0.1)
(3.236792431 1.713595993 -0.1)
(3.427191986 1.713595993 -0.1)
(3.61759154 1.713595993 -0.1)
(3.807991095 1.713595993 -0.1)
(3.99839065 1.713595993 -0.1)
(4.188790205 1.713595993 -0.1)
(4.37918976 1.713595993 -0.1)
(4.569589314 1.713595993 -0.1)
(4.759988869 1.713595993 -0.1)
(4.950388424 1.713595993 -0.1)
(5.140787979 1.713595993 -0.1)
(5.331187533 1.713595993 -0.1)
(5.521587088 1.713595993 -0.1)
(5.711986643 1.713595993 -0.1)
(5.902386198 1.713595993 -0.1)
(6.092785752 1.713595993 -0.1)
(6.283185307 1.713595993 -0.1)
(0 1.903995548 -0.1)
(0.1903995548 1.903995548 -0.1)
(0.3807991095 1.903995548 -0.1)
(0.5711986643 1.903995548 -0.1)
(0.7615982191 1.903995548 -0.1)
(0.9519977738 1.903995548 -0.1)
(1.142397329 1.903995548 -0.1)
(1.332796883 1.903995548 -0.1)
(1.523196438 1.903995548 -0.1)
(1.713595993 1.903995548 -0.1)
(1.903995548 1.903995548 -0.1)
(2.094395102 1.903995548 -0.1)
(2.284794657 1.903995548 -0.1)
(2.475194212 1.903995548 -0.1)
(2.665593767 1.903995548 -0.1)
(2.855993321 1.903995548 -0.1)
(3.046392876 1.903995548 -0.1)
(3.236792431 1.903995548 -0.1)
(3.427191986 1.903995548 -0.1)
(3.61759154 1.903995548 -0.1)
(3.807991095 1.903995548 -0.1)
(3.99839065 1.903995548 -0.1)
(4.188790205 1.903995548 -0.1)
(4.37918976 1.903995548 -0.1)
(4.569589314 1.903995548 -0.1)
(4.759988869 1.903995548 -0.1)
(4.950388424 1.903995548 -0.1)
(5.140787979 1.903995548 -0.1)
(5.331187533 1.903995548 -0.1)
(5.521587088 1.903995548 -0.1)
(5.711986643 1.903995548 -0.1)
(5.902386198 1.903995548 -0.1)
(6.092785752 1.903995548 -0.1)
(6.283185307 1.903995548 -0.1)
(0 2.094395102 -0.1)
(0.1903995548 2.094395102 -0.1)
(0.3807991095 2.094395102 -0.1)
(0.5711986643 2.094395102 -0.1)
(0.7615982191 2.094395102 -0.1)
(0.9519977738 2.094395102 -0.1)
(1.142397329 2.094395102 -0.1)
(1.332796883 2.094395102 -0.1)
(1.523196438 2.094395102 -0.1)
(1.713595993 2.094395102 -0.1)
(1.903995548 2.094395102 -0.1)
(2.094395102 2.094395102 -0.1)
(2.284794657 2.094395102 -0.1)
(2.475194212 2.094395102 -0.1)
(2.665593767 2.094395102 -0.1)
(2.855993321 2.094395102 -0.1)
(3.046392876 2.094395102 -0.1)
(3.236792431 2.094395102 -0.1)
(3.427191986 2.094395102 -0.1)
(3.61759154 2.094395102 -0.1)
(3.807991095 2.094395102 -0.1)
(3.99839065 2.094395102 -0.1)
(4.188790205 2.094395102 -0.1)
(4.37918976 2.094395102 -0.1)
(4.569589314 2.094395102 -0.1)
(4.759988869 2.094395102 -0.1)
(4.950388424 2.094395102 -0.1)
(5.140787979 2.094395102 -0.1)
(5.331187533 2.094395102 -0.1)
(5.521587088 2.094395102 -0.1)
(5.711986643 2.094395102 -0.1)
(5.902386198 2.094395102 -0.1)
(6.092785752 2.094395102 -0.1)
(6.283185307 2.094395102 -0.1)
(0 2.284794657 -0.1)
(0.1903995548 2.284794657 -0.1)
(0.3807991095 2.284794657 -0.1)
(0.5711986643 2.284794657 -0.1)
(0.7615982191 2.284794657 -0.1)
(0.9519977738 2.284794657 -0.1)
(1.142397329 2.284794657 -0.1)
(1.332796883 2.284794657 -0.1)
(1.523196438 2.284794657 -0.1)
(1.713595993 2.284794657 -0.1)
(1.903995548 2.284794657 -0.1)
(2.094395102 2.284794657 -0.1)
(2.284794657 2.284794657 -0.1)
(2.475194212 2.284794657 -0.1)
(2.665593767 2.284794657 -0.1)
(2.855993321 2.284794657 -0.1)
(3.046392876 2.284794657 -0.1)
(3.236792431 2.284794657 -0.1)
(3.427191986 2.284794657 -0.1)
(3.61759154 2.284794657 -0.1)
(3.807991095 2.284794657 -0.1)
(3.99839065 2.284794657 -0.1)
(4.188790205 2.284794657 -0.1)
(4.37918976 2.284794657 -0.1)
(4.569589314 2.284794657 -0.1)
(4.759988869 2.284794657 -0.1)
(4.950388424 2.284794657 -0.1)
(5.140787979 2.284794657 -0.1)
(5.331187533 2.284794657 -0.1)
(5.521587088 2.284794657 -0.1)
(5.711986643 2.284794657 -0.1)
(5.902386198 2.284794657 -0.1)
(6.092785752 2.284794657 -0.1)
(6.283185307 2.284794657 -0.1)
(0 2.475194212 -0.1)
(0.1903995548 2.475194212 -0.1)
(0.3807991095 2.475194212 -0.1)
(0.5711986643 2.475194212 -0.1)
(0.7615982191 2.475194212 -0.1)
(0.9519977738 2.475194212 -0.1)
(1.142397329 2.475194212 -0.1)
(1.332796883 2.475194212 -0.1)
(1.523196438 2.475194212 -0.1)
(1.713595993 2.475194212 -0.1)
(1.903995548 2.475194212 -0.1)
(2.094395102 2.475194212 -0.1)
(2.284794657 2.475194212 -0.1)
(2.475194212 2.475194212 -0.1)
(2.665593767 2.475194212 -0.1)
(2.855993321 2.475194212 -0.1)
(3.046392876 2.475194212 -0.1)
(3.236792431 2.475194212 -0.1)
(3.427191986 2.475194212 -0.1)
(3.61759154 2.475194212 -0.1)
(3.807991095 2.475194212 -0.1)
(3.99839065 2.475194212 -0.1)
(4.188790205 2.475194212 -0.1)
(4.37918976 2.475194212 -0.1)
(4.569589314 2.475194212 -0.1)
(4.759988869 2.475194212 -0.1)
(4.950388424 2.475194212 -0.1)
(5.140787979 2.475194212 -0.1)
(5.331187533 2.475194212 -0.1)
(5.521587088 2.475194212 -0.1)
(5.711986643 2.475194212 -0.1)
(5.902386198 2.475194212 -0.1)
(6.092785752 2.475194212 -0.1)
(6.283185307 2.475194212 -0.1)
(0 2.665593767 -0.1)
(0.1903995548 2.665593767 -0.1)
(0.3807991095 2.665593767 -0.1)
(0.5711986643 2.665593767 -0.1)
(0.7615982191 2.665593767 -0.1)
(0.9519977738 2.665593767 -0.1)
(1.142397329 2.665593767 -0.1)
(1.332796883 2.665593767 -0.1)
(1.523196438 2.665593767 -0.1)
(1.713595993 2.665593767 -0.1)
(1.903995548 2.665593767 -0.1)
(2.094395102 2.665593767 -0.1)
(2.284794657 2.665593767 -0.1)
(2.475194212 2.665593767 -0.1)
(2.665593767 2.665593767 -0.1)
(2.855993321 2.665593767 -0.1)
(3.046392876 2.665593767 -0.1)
(3.236792431 2.665593767 -0.1)
(3.427191986 2.665593767 -0.1)
(3.61759154 2.665593767 -0.1)
(3.807991095 2.665593767 -0.1)
(3.99839065 2.665593767 -0.1)
(4.188790205 2.665593767 -0.1)
(4.37918976 2.665593767 -0.1)
(4.569589314 2.665593767 -0.1)
(4.759988869 2.665593767 -0.1)
(4.950388424 2.665593767 -0.1)
(5.140787979 2.665593767 -0.1)
(5.331187533 2.665593767 -0.1)
(5.521587088 2.665593767 -0.1)
(5.711986643 2.665593767 -0.1)
(5.902386198 2.665593767 -0.1)
(6.092785752 2.665593767 -0.1)
(6.283185307 2.665593767 -0.1)
(0 2.855993321 -0.1)
(0.1903995548 2.855993321 -0.1)
(0.3807991095 2.855993321 -0.1)
(0.5711986643 2.855993321 -0.1)
(0.7615982191 2.855993321 -0.1)
(0.9519977738 2.855993321 -0.1)
(1.142397329 2.855993321 -0.1)
(1.332796883 2.855993321 -0.1)
(1.523196438 2.855993321 -0.1)
(1.713595993 2.855993321 -0.1)
(1.903995548 2.855993321 -0.1)
(2.094395102 2.855993321 -0.1)
(2.284794657 2.855993321 -0.1)
(2.475194212 2.855993321 -0.1)
(2.665593767 2.855993321 -0.1)
(2.855993321 2.855993321 -0.1)
(3.046392876 2.855993321 -0.1)
(3.236792431 2.855993321 -0.1)
(3.427191986 2.855993321 -0.1)
(3.61759154 2.855993321 -0.1)
(3.807991095 2.855993321 -0.1)
(3.99839065 2.855993321 -0.1)
(4.188790205 2.855993321 -0.1)
(4.37918976 2.855993321 -0.1)
(4.569589314 2.855993321 -0.1)
(4.759988869 2.855993321 -0.1)
(4.950388424 2.855993321 -0.1)
(5.140787979 2.855993321 -0.1)
(5.331187533 2.855993321 -0.1)
(5.521587088 2.855993321 -0.1)
(5.711986643 2.855993321 -0.1)
(5.902386198 2.855993321 -0.1)
(6.092785752 2.855993321 -0.1)
(6.283185307 2.855993321 -0.1)
(0 3.046392876 -0.1)
(0.1903995548 3.046392876 -0.1)
(0.3807991095 3.046392876 -0.1)
(0.5711986643 3.046392876 -0.1)
(0.7615982191 3.046392876 -0.1)
(0.9519977738 3.046392876 -0.1)
(1.142397329 3.046392876 -0.1)
(1.332796883 3.046392876 -0.1)
(1.523196438 3.046392876 -0.1)
(1.713595993 3.046392876 -0.1)
(1.903995548 3.046392876 -0.1)
(2.094395102 3.046392876 -0.1)
(2.284794657 3.046392876 -0.1)
(2.475194212 3.046392876 -0.1)
(2.665593767 3.046392876 -0.1)
(2.855993321 3.046392876 -0.1)
(3.046392876 3.046392876 -0.1)
(3.236792431 3.046392876 -0.1)
(3.427191986 3.046392876 -0.1)
(3.61759154 3.046392876 -0.1)
(3.807991095 3.046392876 -0.1)
(3.99839065 3.046392876 -0.1)
(4.188790205 3.046392876 -0.1)
(4.37918976 3.046392876 -0.1)
(4.569589314 3.046392876 -0.1)
(4.759988869 3.046392876 -0.1)
(4.950388424 3.046392876 -0.1)
(5.140787979 3.046392876 -0.1)
(5.331187533 3.046392876 -0.1)
(5.521587088 3.046392876 -0.1)
(5.711986643 3.046392876 -0.1)
(5.902386198 3.046392876 -0.1)
(6.092785752 3.046392876 -0.1)
(6.283185307 3.046392876 -0.1)
(0 3.236792431 -0.1)
(0.1903995548 3.236792431 -0.1)
(0.3807991095 3.236792431 -0.1)
(0.5711986643 3.236792431 -0.1)
(0.7615982191 3.236792431 -0.1)
(0.9519977738 3.236792431 -0.1)
(1.142397329 3.236792431 -0.1)
(1.332796883 3.236792431 -0.1)
(1.523196438 3.236792431 -0.1)
(1.713595993 3.236792431 -0.1)
(1.903995548 3.236792431 -0.1)
(2.094395102 3.236792431 -0.1)
(2.284794657 3.236792431 -0.1)
(2.475194212 3.236792431 -0.1)
(2.665593767 3.236792431 -0.1)
(2.855993321 3.236792431 -0.1)
(3.046392876 3.236792431 -0.1)
(3.236792431 3.236792431 -0.1)
(3.427191986 3.236792431 -0.1)
(3.61759154 3.236792431 -0.1)
(3.807991095 3.236792431 -0.1)
(3.99839065 3.236792431 -0.1)
(4.188790205 3.236792431 -0.1)
(4.37918976 3.236792431 -0.1)
(4.569589314 3.236792431 -0.1)
(4.759988869 3.236792431 -0.1)
(4.950388424 3.236792431 -0.1)
(5.140787979 3.236792431 -0.1)
(5.331187533 3.236792431 -0.1)
(5.521587088 3.236792431 -0.1)
(5.711986643 3.236792431 -0.1)
(5.902386198 3.236792431 -0.1)
(6.092785752 3.236792431 -0.1)
(6.283185307 3.236792431 -0.1)
(0 3.427191986 -0.1)
(0.1903995548 3.427191986 -0.1)
(0.3807991095 3.427191986 -0.1)
(0.5711986643 3.427191986 -0.1)
(0.7615982191 3.427191986 -0.1)
(0.9519977738 3.427191986 -0.1)
(1.142397329 3.427191986 -0.1)
(1.332796883 3.427191986 -0.1)
(1.523196438 3.427191986 -0.1)
(1.713595993 3.427191986 -0.1)
(1.903995548 3.427191986 -0.1)
(2.094395102 3.427191986 -0.1)
(2.284794657 3.427191986 -0.1)
(2.475194212 3.427191986 -0.1)
(2.665593767 3.427191986 -0.1)
(2.855993321 3.427191986 -0.1)
(3.046392876 3.427191986 -0.1)
(3.236792431 3.427191986 -0.1)
(3.427191986 3.427191986 -0.1)
(3.61759154 3.427191986 -0.1)
(3.807991095 3.427191986 -0.1)
(3.99839065 3.427191986 -0.1)
(4.188790205 3.427191986 -0.1)
(4.37918976 3.427191986 -0.1)
(4.569589314 3.427191986 -0.1)
(4.759988869 3.427191986 -0.1)
(4.950388424 3.427191986 -0.1)
(5.140787979 3.427191986 -0.1)
(5.331187533 3.427191986 -0.1)
(5.521587088 3.427191986 -0.1)
(5.711986643 3.427191986 -0.1)
(5.902386198 3.427191986 -0.1)
(6.092785752 3.427191986 -0.1)
(6.283185307 3.427191986 -0.1)
(0 3.61759154 -0.1)
(0.1903995548 3.61759154 -0.1)
(0.3807991095 3.61759154 -0.1)
(0.5711986643 3.61759154 -0.1)
(0.7615982191 3.61759154 -0.1)
(0.9519977738 3.61759154 -0.1)
(1.142397329 3.61759154 -0.1)
(1.332796883 3.61759154 -0.1)
(1.523196438 3.61759154 -0.1)
(1.713595993 3.61759154 -0.1)
(1.903995548 3.61759154 -0.1)
(2.094395102 3.61759154 -0.1)
(2.284794657 3.61759154 -0.1)
(2.475194212 3.61759154 -0.1)
(2.665593767 3.61759154 -0.1)
(2.855993321 3.61759154 -0.1)
(3.046392876 3.61759154 -0.1)
(3.236792431 3.61759154 -0.1)
(3.427191986 3.61759154 -0.1)
(3.61759154 3.61759154 -0.1)
(3.807991095 3.61759154 -0.1)
(3.99839065 3.61759154 -0.1)
(4.188790205 3.61759154 -0.1)
(4.37918976 3.61759154 -0.1)
(4.569589314 3.61759154 -0.1)
(4.759988869 3.61759154 -0.1)
(4.950388424 3.61759154 -0.1)
(5.140787979 3.61759154 -0.1)
(5.331187533 3.61759154 -0.1)
(5.521587088 3.61759154 -0.1)
(5.711986643 3.61759154 -0.1)
(5.902386198 3.61759154 -0.1)
(6.092785752 3.61759154 -0.1)
(6.283185307 3.61759154 -0.1)
(0 3.807991095 -0.1)
(0.1903995548 3.807991095 -0.1)
(0.3807991095 3.807991095 -0.1)
(0.5711986643 3.807991095 -0.1)
(0.7615982191 3.807991095 -0.1)
(0.9519977738 3.807991095 -0.1)
(1.142397329 3.807991095 -0.1)
(1.332796883 3.807991095 -0.1)
(1.523196438 3.807991095 -0.1)
(1.713595993 3.807991095 -0.1)
(1.903995548 3.807991095 -0.1)
(2.094395102 3.807991095 -0.1)
(2.284794657 3.807991095 -0.1)
(2.475194212 3.807991095 -0.1)
(2.665593767 3.807991095 -0.1)
(2.855993321 3.807991095 -0.1)
(3.046392876 3.807991095 -0.1)
(3.236792431 3.807991095 -0.1)
(3.427191986 3.807991095 -0.1)
(3.61759154 3.807991095 -0.1)
(3.807991095 3.807991095 -0.1)
(3.99839065 3.807991095 -0.1)
(4.188790205 3.807991095 -0.1)
(4.37918976 3.807991095 -0.1)
(4.569589314 3.807991095 -0.1)
(4.759988869 3.807991095 -0.1)
(4.950388424 3.807991095 -0.1)
(5.140787979 3.807991095 -0.1)
(5.331187533 3.807991095 -0.1)
(5.521587088 3.807991095 -0.1)
(5.711986643 3.807991095 -0.1)
(5.902386198 3.807991095 -0.1)
(6.092785752 3.807991095 -0.1)
(6.283185307 3.807991095 -0.1)
(0 3.99839065 -0.1)
(0.1903995548 3.99839065 -0.1)
(0.3807991095 3.99839065 -0.1)
(0.5711986643 3.99839065 -0.1)
(0.7615982191 3.99839065 -0.1)
(0.9519977738 3.99839065 -0.1)
(1.142397329 3.99839065 -0.1)
(1.332796883 3.99839065 -0.1)
(1.523196438 3.99839065 -0.1)
(1.713595993 3.99839065 -0.1)
(1.903995548 3.99839065 -0.1)
(2.094395102 3.99839065 -0.1)
(2.284794657 3.99839065 -0.1)
(2.475194212 3.99839065 -0.1)
(2.665593767 3.99839065 -0.1)
(2.855993321 3.99839065 -0.1)
(3.046392876 3.99839065 -0.1)
(3.236792431 3.99839065 -0.1)
(3.427191986 3.99839065 -0.1)
(3.61759154 3.99839065 -0.1)
(3.807991095 3.99839065 -0.1)
(3.99839065 3.99839065 -0.1)
(4.188790205 3.99839065 -0.1)
(4.37918976 3.99839065 -0.1)
(4.569589314 3.99839065 -0.1)
(4.759988869 3.99839065 -0.1)
(4.950388424 3.99839065 -0.1)
(5.140787979 3.99839065 -0.1)
(5.331187533 3.99839065 -0.1)
(5.521587088 3.99839065 -0.1)
(5.711986643 3.99839065 -0.1)
(5.902386198 3.99839065 -0.1)
(6.092785752 3.99839065 -0.1)
(6.283185307 3.99839065 -0.1)
(0 4.188790205 -0.1)
(0.1903995548 4.188790205 -0.1)
(0.3807991095 4.188790205 -0.1)
(0.5711986643 4.188790205 -0.1)
(0.7615982191 4.188790205 -0.1)
(0.9519977738 4.188790205 -0.1)
(1.142397329 4.188790205 -0.1)
(1.332796883 4.188790205 -0.1)
(1.523196438 4.188790205 -0.1)
(1.713595993 4.188790205 -0.1)
(1.903995548 4.188790205 -0.1)
(2.094395102 4.188790205 -0.1)
(2.284794657 4.188790205 -0.1)
(2.475194212 4.188790205 -0.1)
(2.665593767 4.188790205 -0.1)
(2.855993321 4.188790205 -0.1)
(3.046392876 4.188790205 -0.1)
(3.236792431 4.188790205 -0.1)
(3.427191986 4.188790205 -0.1)
(3.61759154 4.188790205 -0.1)
(3.807991095 4.188790205 -0.1)
(3.99839065 4.188790205 -0.1)
(4.188790205 4.188790205 -0.1)
(4.37918976 4.188790205 -0.1)
(4.569589314 4.188790205 -0.1)
(4.759988869 4.188790205 -0.1)
(4.950388424 4.188790205 -0.1)
(5.140787979 4.188790205 -0.1)
(5.331187533 4.188790205 -0.1)
(5.521587088 4.188790205 -0.1)
(5.711986643 4.188790205 -0.1)
(5.902386198 4.188790205 -0.1)
(6.092785752 4.188790205 -0.1)
(6.283185307 4.188790205 -0.1)
(0 4.37918976 -0.1)
(0.1903995548 4.37918976 -0.1)
(0.3807991095 4.37918976 -0.1)
(0.5711986643 4.37918976 -0.1)
(0.7615982191 4.37918976 -0.1)
(0.9519977738 4.37918976 -0.1)
(1.142397329 4.37918976 -0.1)
(1.332796883 4.37918976 -0.1)
(1.523196438 4.37918976 -0.1)
(1.713595993 4.37918976 -0.1)
(1.903995548 4.37918976 -0.1)
(2.094395102 4.37918976 -0.1)
(2.284794657 4.37918976 -0.1)
(2.475194212 4.37918976 -0.1)
(2.665593767 4.37918976 -0.1)
(2.855993321 4.37918976 -0.1)
(3.046392876 4.37918976 -0.1)
(3.236792431 4.37918976 -0.1)
(3.427191986 4.37918976 -0.1)
(3.61759154 4.37918976 -0.1)
(3.807991095 4.37918976 -0.1)
(3.99839065 4.37918976 -0.1)
(4.188790205 4.37918976 -0.1)
(4.37918976 4.37918976 -0.1)
(4.569589314 4.37918976 -0.1)
(4.759988869 4.37918976 -0.1)
(4.950388424 4.37918976 -0.1)
(5.140787979 4.37918976 -0.1)
(5.331187533 4.37918976 -0.1)
(5.521587088 4.37918976 -0.1)
(5.711986643 4.37918976 -0.1)
(5.902386198 4.37918976 -0.1)
(6.092785752 4.37918976 -0.1)
(6.283185307 4.37918976 -0.1)
(0 4.569589314 -0.1)
(0.1903995548 4.569589314 -0.1)
(0.3807991095 4.569589314 -0.1)
(0.5711986643 4.569589314 -0.1)
(0.7615982191 4.569589314 -0.1)
(0.9519977738 4.569589314 -0.1)
(1.142397329 4.569589314 -0.1)
(1.332796883 4.569589314 -0.1)
(1.523196438 4.569589314 -0.1)
(1.713595993 4.569589314 -0.1)
(1.903995548 4.569589314 -0.1)
(2.094395102 4.569589314 -0.1)
(2.284794657 4.569589314 -0.1)
(2.475194212 4.569589314 -0.1)
(2.665593767 4.569589314 -0.1)
(2.855993321 4.569589314 -0.1)
(3.046392876 4.569589314 -0.1)
(3.236792431 4.569589314 -0.1)
(3.427191986 4.569589314 -0.1)
(3.61759154 4.569589314 -0.1)
(3.807991095 4.569589314 -0.1)
(3.99839065 4.569589314 -0.1)
(4.188790205 4.569589314 -0.1)
(4.37918976 4.569589314 -0.1)
(4.569589314 4.569589314 -0.1)
(4.759988869 4.569589314 -0.1)
(4.950388424 4.569589314 -0.1)
(5.140787979 4.569589314 -0.1)
(5.331187533 4.569589314 -0.1)
(5.521587088 4.569589314 -0.1)
(5.711986643 4.569589314 -0.1)
(5.902386198 4.569589314 -0.1)
(6.092785752 4.569589314 -0.1)
(6.283185307 4.569589314 -0.1)
(0 4.759988869 -0.1)
(0.1903995548 4.759988869 -0.1)
(0.3807991095 4.759988869 -0.1)
(0.5711986643 4.759988869 -0.1)
(0.7615982191 4.759988869 -0.1)
(0.9519977738 4.759988869 -0.1)
(1.142397329 4.759988869 -0.1)
(1.332796883 4.759988869 -0.1)
(1.523196438 4.759988869 -0.1)
(1.713595993 4.759988869 -0.1)
(1.903995548 4.759988869 -0.1)
(2.094395102 4.759988869 -0.1)
(2.284794657 4.759988869 -0.1)
(2.475194212 4.759988869 -0.1)
(2.665593767 4.759988869 -0.1)
(2.855993321 4.759988869 -0.1)
(3.046392876 4.759988869 -0.1)
(3.236792431 4.759988869 -0.1)
(3.427191986 4.759988869 -0.1)
(3.61759154 4.759988869 -0.1)
(3.807991095 4.759988869 -0.1)
(3.99839065 4.759988869 -0.1)
(4.188790205 4.759988869 -0.1)
(4.37918976 4.759988869 -0.1)
(4.569589314 4.759988869 -0.1)
(4.759988869 4.759988869 -0.1)
(4.950388424 4.759988869 -0.1)
(5.140787979 4.759988869 -0.1)
(5.331187533 4.759988869 -0.1)
(5.521587088 4.759988869 -0.1)
(5.711986643 4.759988869 -0.1)
(5.902386198 4.759988869 -0.1)
(6.092785752 4.759988869 -0.1)
(6.283185307 4.759988869 -0.1)
(0 4.950388424 -0.1)
(0.1903995548 4.950388424 -0.1)
(0.3807991095 4.950388424 -0.1)
(0.5711986643 4.950388424 -0.1)
(0.7615982191 4.950388424 -0.1)
(0.9519977738 4.950388424 -0.1)
(1.142397329 4.950388424 -0.1)
(1.332796883 4.950388424 -0.1)
(1.523196438 4.950388424 -0.1)
(1.713595993 4.950388424 -0.1)
(1.903995548 4.950388424 -0.1)
(2.094395102 4.950388424 -0.1)
(2.284794657 4.950388424 -0.1)
(2.475194212 4.950388424 -0.1)
(2.665593767 4.950388424 -0.1)
(2.855993321 4.950388424 -0.1)
(3.046392876 4.950388424 -0.1)
(3.236792431 4.950388424 -0.1)
(3.427191986 4.950388424 -0.1)
(3.61759154 4.950388424 -0.1)
(3.807991095 4.950388424 -0.1)
(3.99839065 4.950388424 -0.1)
(4.188790205 4.950388424 -0.1)
(4.37918976 4.950388424 -0.1)
(4.569589314 4.950388424 -0.1)
(4.759988869 4.950388424 -0.1)
(4.950388424 4.950388424 -0.1)
(5.140787979 4.950388424 -0.1)
(5.331187533 4.950388424 -0.1)
(5.521587088 4.950388424 -0.1)
(5.711986643 4.950388424 -0.1)
(5.902386198 4.950388424 -0.1)
(6.092785752 4.950388424 -0.1)
(6.283185307 4.950388424 -0.1)
(0 5.140787979 -0.1)
(0.1903995548 5.140787979 -0.1)
(0.3807991095 5.140787979 -0.1)
(0.5711986643 5.140787979 -0.1)
(0.7615982191 5.140787979 -0.1)
(0.9519977738 5.140787979 -0.1)
(1.142397329 5.140787979 -0.1)
(1.332796883 5.140787979 -0.1)
(1.523196438 5.140787979 -0.1)
(1.713595993 5.140787979 -0.1)
(1.903995548 5.140787979 -0.1)
(2.094395102 5.140787979 -0.1)
(2.284794657 5.140787979 -0.1)
(2.475194212 5.140787979 -0.1)
(2.665593767 5.140787979 -0.1)
(2.855993321 5.140787979 -0.1)
(3.046392876 5.140787979 -0.1)
(3.236792431 5.140787979 -0.1)
(3.427191986 5.140787979 -0.1)
(3.61759154 5.140787979 -0.1)
(3.807991095 5.140787979 -0.1)
(3.99839065 5.140787979 -0.1)
(4.188790205 5.140787979 -0.1)
(4.37918976 5.140787979 -0.1)
(4.569589314 5.140787979 -0.1)
(4.759988869 5.140787979 -0.1)
(4.950388424 5.140787979 -0.1)
(5.140787979 5.140787979 -0.1)
(5.331187533 5.140787979 -0.1)
(5.521587088 5.140787979 -0.1)
(5.711986643 5.140787979 -0.1)
(5.902386198 5.140787979 -0.1)
(6.092785752 5.140787979 -0.1)
(6.283185307 5.140787979 -0.1)
(0 5.331187533 -0.1)
(0.1903995548 5.331187533 -0.1)
(0.3807991095 5.331187533 -0.1)
(0.5711986643 5.331187533 -0.1)
(0.7615982191 5.331187533 -0.1)
(0.9519977738 5.331187533 -0.1)
(1.142397329 5.331187533 -0.1)
(1.332796883 5.331187533 -0.1)
(1.523196438 5.331187533 -0.1)
(1.713595993 5.331187533 -0.1)
(1.903995548 5.331187533 -0.1)
(2.094395102 5.331187533 -0.1)
(2.284794657 5.331187533 -0.1)
(2.475194212 5.331187533 -0.1)
(2.665593767 5.331187533 -0.1)
(2.855993321 5.331187533 -0.1)
(3.046392876 5.331187533 -0.1)
(3.236792431 5.331187533 -0.1)
(3.427191986 5.331187533 -0.1)
(3.61759154 5.331187533 -0.1)
(3.807991095 5.331187533 -0.1)
(3.99839065 5.331187533 -0.1)
(4.188790205 5.331187533 -0.1)
(4.37918976 5.331187533 -0.1)
(4.569589314 5.331187533 -0.1)
(4.759988869 5.331187533 -0.1)
(4.950388424 5.331187533 -0.1)
(5.140787979 5.331187533 -0.1)
(5.331187533 5.331187533 -0.1)
(5.521587088 5.331187533 -0.1)
(5.711986643 5.331187533 -0.1)
(5.902386198 5.331187533 -0.1)
(6.092785752 5.331187533 -0.1)
(6.283185307 5.331187533 -0.1)
(0 5.521587088 -0.1)
(0.1903995548 5.521587088 -0.1)
(0.3807991095 5.521587088 -0.1)
(0.5711986643 5.521587088 -0.1)
(0.7615982191 5.521587088 -0.1)
(0.9519977738 5.521587088 -0.1)
(1.142397329 5.521587088 -0.1)
(1.332796883 5.521587088 -0.1)
(1.523196438 5.521587088 -0.1)
(1.713595993 5.521587088 -0.1)
(1.903995548 5.521587088 -0.1)
(2.094395102 5.521587088 -0.1)
(2.284794657 5.521587088 -0.1)
(2.475194212 5.521587088 -0.1)
(2.665593767 5.521587088 -0.1)
(2.855993321 5.521587088 -0.1)
(3.046392876 5.521587088 -0.1)
(3.236792431 5.521587088 -0.1)
(3.427191986 5.521587088 -0.1)
(3.61759154 5.521587088 -0.1)
(3.807991095 5.521587088 -0.1)
(3.99839065 5.521587088 -0.1)
(4.188790205 5.521587088 -0.1)
(4.37918976 5.521587088 -0.1)
(4.569589314 5.521587088 -0.1)
(4.759988869 5.521587088 -0.1)
(4.950388424 5.521587088 -0.1)
(5.140787979 5.521587088 -0.1)
(5.331187533 5.521587088 -0.1)
(5.521587088 5.521587088 -0.1)
(5.711986643 5.521587088 -0.1)
(5.902386198 5.521587088 -0.1)
(6.092785752 5.521587088 -0.1)
(6.283185307 5.521587088 -0.1)
(0 5.711986643 -0.1)
(0.1903995548 5.711986643 -0.1)
(0.3807991095 5.711986643 -0.1)
(0.5711986643 5.711986643 -0.1)
(0.7615982191 5.711986643 -0.1)
(0.9519977738 5.711986643 -0.1)
(1.142397329 5.711986643 -0.1)
(1.332796883 5.711986643 -0.1)
(1.523196438 5.711986643 -0.1)
(1.713595993 5.711986643 -0.1)
(1.903995548 5.711986643 -0.1)
(2.094395102 5.711986643 -0.1)
(2.284794657 5.711986643 -0.1)
(2.475194212 5.711986643 -0.1)
(2.665593767 5.711986643 -0.1)
(2.855993321 5.711986643 -0.1)
(3.046392876 5.711986643 -0.1)
(3.236792431 5.711986643 -0.1)
(3.427191986 5.711986643 -0.1)
(3.61759154 5.711986643 -0.1)
(3.807991095 5.711986643 -0.1)
(3.99839065 5.711986643 -0.1)
(4.188790205 5.711986643 -0.1)
(4.37918976 5.711986643 -0.1)
(4.569589314 5.711986643 -0.1)
(4.759988869 5.711986643 -0.1)
(4.950388424 5.711986643 -0.1)
(5.140787979 5.711986643 -0.1)
(5.331187533 5.711986643 -0.1)
(5.521587088 5.711986643 -0.1)
(5.711986643 5.711986643 -0.1)
(5.902386198 5.711986643 -0.1)
(6.092785752 5.711986643 -0.1)
(6.283185307 5.711986643 -0.1)
(0 5.902386198 -0.1)
(0.1903995548 5.902386198 -0.1)
(0.3807991095 5.902386198 -0.1)
(0.5711986643 5.902386198 -0.1)
(0.7615982191 5.902386198 -0.1)
(0.9519977738 5.902386198 -0.1)
(1.142397329 5.902386198 -0.1)
(1.332796883 5.902386198 -0.1)
(1.523196438 5.902386198 -0.1)
(1.713595993 5.902386198 -0.1)
(1.903995548 5.902386198 -0.1)
(2.094395102 5.902386198 -0.1)
(2.284794657 5.902386198 -0.1)
(2.475194212 5.902386198 -0.1)
(2.665593767 5.902386198 -0.1)
(2.855993321 5.902386198 -0.1)
(3.046392876 5.902386198 -0.1)
(3.236792431 5.902386198 -0.1)
(3.427191986 5.902386198 -0.1)
(3.61759154 5.902386198 -0.1)
(3.807991095 5.902386198 -0.1)
(3.99839065 5.902386198 -0.1)
(4.188790205 5.902386198 -0.1)
(4.37918976 5.902386198 -0.1)
(4.569589314 5.902386198 -0.1)
(4.759988869 5.902386198 -0.1)
(4.950388424 5.902386198 -0.1)
(5.140787979 5.902386198 -0.1)
(5.331187533 5.902386198 -0.1)
(5.521587088 5.902386198 -0.1)
(5.711986643 5.902386198 -0.1)
(5.902386198 5.902386198 -0.1)
(6.092785752 5.902386198 -0.1)
(6.283185307 5.902386198 -0.1)
(0 6.092785752 -0.1)
(0.1903995548 6.092785752 -0.1)
(0.3807991095 6.092785752 -0.1)
(0.5711986643 6.092785752 -0.1)
(0.7615982191 6.092785752 -0.1)
(0.9519977738 6.092785752 -0.1)
(1.142397329 6.092785752 -0.1)
(1.332796883 6.092785752 -0.1)
(1.523196438 6.092785752 -0.1)
(1.713595993 6.092785752 -0.1)
(1.903995548 6.092785752 -0.1)
(2.094395102 6.092785752 -0.1)
(2.284794657 6.092785752 -0.1)
(2.475194212 6.092785752 -0.1)
(2.665593767 6.092785752 -0.1)
(2.855993321 6.092785752 -0.1)
(3.046392876 6.092785752 -0.1)
(3.236792431 6.092785752 -0.1)
(3.427191986 6.092785752 -0.1)
(3.61759154 6.092785752 -0.1)
(3.807991095 6.092785752 -0.1)
(3.99839065 6.092785752 -0.1)
(4.188790205 6.092785752 -0.1)
(4.37918976 6.092785752 -0.1)
(4.569589314 6.092785752 -0.1)
(4.759988869 6.092785752 -0.1)
(4.950388424 6.092785752 -0.1)
(5.140787979 6.092785752 -0.1)
(5.331187533 6.092785752 -0.1)
(5.521587088 6.092785752 -0.1)
(5.711986643 6.092785752 -0.1)
(5.902386198 6.092785752 -0.1)
(6.092785752 6.092785752 -0.1)
(6.283185307 6.092785752 -0.1)
(0 6.283185307 -0.1)
(0.1903995548 6.283185307 -0.1)
(0.3807991095 6.283185307 -0.1)
(0.5711986643 6.283185307 -0.1)
(0.7615982191 6.283185307 -0.1)
(0.9519977738 6.283185307 -0.1)
(1.142397329 6.283185307 -0.1)
(1.332796883 6.283185307 -0.1)
(1.523196438 6.283185307 -0.1)
(1.713595993 6.283185307 -0.1)
(1.903995548 6.283185307 -0.1)
(2.094395102 6.283185307 -0.1)
(2.284794657 6.283185307 -0.1)
(2.475194212 6.283185307 -0.1)
(2.665593767 6.283185307 -0.1)
(2.855993321 6.283185307 -0.1)
(3.046392876 6.283185307 -0.1)
(3.236792431 6.283185307 -0.1)
(3.427191986 6.283185307 -0.1)
(3.61759154 6.283185307 -0.1)
(3.807991095 6.283185307 -0.1)
(3.99839065 6.283185307 -0.1)
(4.188790205 6.283185307 -0.1)
(4.37918976 6.283185307 -0.1)
(4.569589314 6.283185307 -0.1)
(4.759988869 6.283185307 -0.1)
(4.950388424 6.283185307 -0.1)
(5.140787979 6.283185307 -0.1)
(5.331187533 6.283185307 -0.1)
(5.521587088 6.283185307 -0.1)
(5.711986643 6.283185307 -0.1)
(5.902386198 6.283185307 -0.1)
(6.092785752 6.283185307 -0.1)
(6.283185307 6.283185307 -0.1)
(0 0 0.1)
(0.1903995548 0 0.1)
(0.3807991095 0 0.1)
(0.5711986643 0 0.1)
(0.7615982191 0 0.1)
(0.9519977738 0 0.1)
(1.142397329 0 0.1)
(1.332796883 0 0.1)
(1.523196438 0 0.1)
(1.713595993 0 0.1)
(1.903995548 0 0.1)
(2.094395102 0 0.1)
(2.284794657 0 0.1)
(2.475194212 0 0.1)
(2.665593767 0 0.1)
(2.855993321 0 0.1)
(3.046392876 0 0.1)
(3.236792431 0 0.1)
(3.427191986 0 0.1)
(3.61759154 0 0.1)
(3.807991095 0 0.1)
(3.99839065 0 0.1)
(4.188790205 0 0.1)
(4.37918976 0 0.1)
(4.569589314 0 0.1)
(4.759988869 0 0.1)
(4.950388424 0 0.1)
(5.140787979 0 0.1)
(5.331187533 0 0.1)
(5.521587088 0 0.1)
(5.711986643 0 0.1)
(5.902386198 0 0.1)
(6.092785752 0 0.1)
(6.283185307 0 0.1)
(0 0.1903995548 0.1)
(0.1903995548 0.1903995548 0.1)
(0.3807991095 0.1903995548 0.1)
(0.5711986643 0.1903995548 0.1)
(0.7615982191 0.1903995548 0.1)
(0.9519977738 0.1903995548 0.1)
(1.142397329 0.1903995548 0.1)
(1.332796883 0.1903995548 0.1)
(1.523196438 0.1903995548 0.1)
(1.713595993 0.1903995548 0.1)
(1.903995548 0.1903995548 0.1)
(2.094395102 0.1903995548 0.1)
(2.284794657 0.1903995548 0.1)
(2.475194212 0.1903995548 0.1)
(2.665593767 0.1903995548 0.1)
(2.855993321 0.1903995548 0.1)
(3.046392876 0.1903995548 0.1)
(3.236792431 0.1903995548 0.1)
(3.427191986 0.1903995548 0.1)
(3.61759154 0.1903995548 0.1)
(3.807991095 0.1903995548 0.1)
(3.99839065 0.1903995548 0.1)
(4.188790205 0.1903995548 0.1)
(4.37918976 0.1903995548 0.1)
(4.569589314 0.1903995548 0.1)
(4.759988869 0.1903995548 0.1)
(4.950388424 0.1903995548 0.1)
(5.140787979 0.1903995548 0.1)
(5.331187533 0.1903995548 0.1)
(5.521587088 0.1903995548 0.1)
(5.711986643 0.1903995548 0.1)
(5.902386198 0.1903995548 0.1)
(6.092785752 0.1903995548 0.1)
(6.283185307 0.1903995548 0.1)
(0 0.3807991095 0.1)
(0.1903995548 0.3807991095 0.1)
(0.3807991095 0.3807991095 0.1)
(0.5711986643 0.3807991095 0.1)
(0.7615982191 0.3807991095 0.1)
(0.9519977738 0.3807991095 0.1)
(1.142397329 0.3807991095 0.1)
(1.332796883 0.3807991095 0.1)
(1.523196438 0.3807991095 0.1)
(1.713595993 0.3807991095 0.1)
(1.903995548 0.3807991095 0.1)
(2.094395102 0.3807991095 0.1)
(2.284794657 0.3807991095 0.1)
(2.475194212 0.3807991095 0.1)
(2.665593767 0.3807991095 0.1)
(2.855993321 0.3807991095 0.1)
(3.046392876 0.3807991095 0.1)
(3.236792431 0.3807991095 0.1)
(3.427191986 0.3807991095 0.1)
(3.61759154 0.3807991095 0.1)
(3.807991095 0.3807991095 0.1)
(3.99839065 0.3807991095 0.1)
(4.188790205 0.3807991095 0.1)
(4.37918976 0.3807991095 0.1)
(4.569589314 0.3807991095 0.1)
(4.759988869 0.3807991095 0.1)
(4.950388424 0.3807991095 0.1)
(5.140787979 0.3807991095 0.1)
(5.331187533 0.3807991095 0.1)
(5.521587088 0.3807991095 0.1)
(5.711986643 0.3807991095 0.1)
(5.902386198 0.3807991095 0.1)
(6.092785752 0.3807991095 0.1)
(6.283185307 0.3807991095 0.1)
(0 0.5711986643 0.1)
(0.1903995548 0.5711986643 0.1)
(0.3807991095 0.5711986643 0.1)
(0.5711986643 0.5711986643 0.1)
(0.7615982191 0.5711986643 0.1)
(0.9519977738 0.5711986643 0.1)
(1.142397329 0.5711986643 0.1)
(1.332796883 0.5711986643 0.1)
(1.523196438 0.5711986643 0.1)
(1.713595993 0.5711986643 0.1)
(1.903995548 0.5711986643 0.1)
(2.094395102 0.5711986643 0.1)
(2.284794657 0.5711986643 0.1)
(2.475194212 0.5711986643 0.1)
(2.665593767 0.5711986643 0.1)
(2.855993321 0.5711986643 0.1)
(3.046392876 0.5711986643 0.1)
(3.236792431 0.5711986643 0.1)
(3.427191986 0.5711986643 0.1)
(3.61759154 0.5711986643 0.1)
(3.807991095 0.5711986643 0.1)
(3.99839065 0.5711986643 0.1)
(4.188790205 0.5711986643 0.1)
(4.37918976 0.5711986643 0.1)
(4.569589314 0.5711986643 0.1)
(4.759988869 0.5711986643 0.1)
(4.950388424 0.5711986643 0.1)
(5.140787979 0.5711986643 0.1)
(5.331187533 0.5711986643 0.1)
(5.521587088 0.5711986643 0.1)
(5.711986643 0.5711986643 0.1)
(5.902386198 0.5711986643 0.1)
(6.092785752 0.5711986643 0.1)
(6.283185307 0.5711986643 0.1)
(0 0.7615982191 0.1)
(0.1903995548 0.7615982191 0.1)
(0.3807991095 0.7615982191 0.1)
(0.5711986643 0.7615982191 0.1)
(0.7615982191 0.7615982191 0.1)
(0.9519977738 0.7615982191 0.1)
(1.142397329 0.7615982191 0.1)
(1.332796883 0.7615982191 0.1)
(1.523196438 0.7615982191 0.1)
(1.713595993 0.7615982191 0.1)
(1.903995548 0.7615982191 0.1)
(2.094395102 0.7615982191 0.1)
(2.284794657 0.7615982191 0.1)
(2.475194212 0.7615982191 0.1)
(2.665593767 0.7615982191 0.1)
(2.855993321 0.7615982191 0.1)
(3.046392876 0.7615982191 0.1)
(3.236792431 0.7615982191 0.1)
(3.427191986 0.7615982191 0.1)
(3.61759154 0.7615982191 0.1)
(3.807991095 0.7615982191 0.1)
(3.99839065 0.7615982191 0.1)
(4.188790205 0.7615982191 0.1)
(4.37918976 0.7615982191 0.1)
(4.569589314 0.7615982191 0.1)
(4.759988869 0.7615982191 0.1)
(4.950388424 0.7615982191 0.1)
(5.140787979 0.7615982191 0.1)
(5.331187533 0.7615982191 0.1)
(5.521587088 0.7615982191 0.1)
(5.711986643 0.7615982191 0.1)
(5.902386198 0.7615982191 0.1)
(6.092785752 0.7615982191 0.1)
(6.283185307 0.7615982191 0.1)
(0 0.9519977738 0.1)
(0.1903995548 0.9519977738 0.1)
(0.3807991095 0.9519977738 0.1)
(0.5711986643 0.9519977738 0.1)
(0.7615982191 0.9519977738 0.1)
(0.9519977738 0.9519977738 0.1)
(1.142397329 0.9519977738 0.1)
(1.332796883 0.9519977738 0.1)
(1.523196438 0.9519977738 0.1)
(1.713595993 0.9519977738 0.1)
(1.903995548 0.9519977738 0.1)
(2.094395102 0.9519977738 0.1)
(2.284794657 0.9519977738 0.1)
(2.475194212 0.9519977738 0.1)
(2.665593767 0.9519977738 0.1)
(2.855993321 0.9519977738 0.1)
(3.046392876 0.9519977738 0.1)
(3.236792431 0.9519977738 0.1)
(3.427191986 0.9519977738 0.1)
(3.61759154 0.9519977738 0.1)
(3.807991095 0.9519977738 0.1)
(3.99839065 0.9519977738 0.1)
(4.188790205 0.9519977738 0.1)
(4.37918976 0.9519977738 0.1)
(4.569589314 0.9519977738 0.1)
(4.759988869 0.9519977738 0.1)
(4.950388424 0.9519977738 0.1)
(5.140787979 0.9519977738 0.1)
(5.331187533 0.9519977738 0.1)
(5.521587088 0.9519977738 0.1)
(5.711986643 0.9519977738 0.1)
(5.902386198 0.9519977738 0.1)
(6.092785752 0.9519977738 0.1)
(6.283185307 0.9519977738 0.1)
(0 1.142397329 0.1)
(0.1903995548 1.142397329 0.1)
(0.3807991095 1.142397329 0.1)
(0.5711986643 1.142397329 0.1)
(0.7615982191 1.142397329 0.1)
(0.9519977738 1.142397329 0.1)
(1.142397329 1.142397329 0.1)
(1.332796883 1.142397329 0.1)
(1.523196438 1.142397329 0.1)
(1.713595993 1.142397329 0.1)
(1.903995548 1.142397329 0.1)
(2.094395102 1.142397329 0.1)
(2.284794657 1.142397329 0.1)
(2.475194212 1.142397329 0.1)
(2.665593767 1.142397329 0.1)
(2.855993321 1.142397329 0.1)
(3.046392876 1.142397329 0.1)
(3.236792431 1.142397329 0.1)
(3.427191986 1.142397329 0.1)
(3.61759154 1.142397329 0.1)
(3.807991095 1.142397329 0.1)
(3.99839065 1.142397329 0.1)
(4.188790205 1.142397329 0.1)
(4.37918976 1.142397329 0.1)
(4.569589314 1.142397329 0.1)
(4.759988869 1.142397329 0.1)
(4.950388424 1.142397329 0.1)
(5.140787979 1.142397329 0.1)
(5.331187533 1.142397329 0.1)
(5.521587088 1.142397329 0.1)
(5.711986643 1.142397329 0.1)
(5.902386198 1.142397329 0.1)
(6.092785752 1.142397329 0.1)
(6.283185307 1.142397329 0.1)
(0 1.332796883 0.1)
(0.1903995548 1.332796883 0.1)
(0.3807991095 1.332796883 0.1)
(0.5711986643 1.332796883 0.1)
(0.7615982191 1.332796883 0.1)
(0.9519977738 1.332796883 0.1)
(1.142397329 1.332796883 0.1)
(1.332796883 1.332796883 0.1)
(1.523196438 1.332796883 0.1)
(1.713595993 1.332796883 0.1)
(1.903995548 1.332796883 0.1)
(2.094395102 1.332796883 0.1)
(2.284794657 1.332796883 0.1)
(2.475194212 1.332796883 0.1)
(2.665593767 1.332796883 0.1)
(2.855993321 1.332796883 0.1)
(3.046392876 1.332796883 0.1)
(3.236792431 1.332796883 0.1)
(3.427191986 1.332796883 0.1)
(3.61759154 1.332796883 0.1)
(3.807991095 1.332796883 0.1)
(3.99839065 1.332796883 0.1)
(4.188790205 1.332796883 0.1)
(4.37918976 1.332796883 0.1)
(4.569589314 1.332796883 0.1)
(4.759988869 1.332796883 0.1)
(4.950388424 1.332796883 0.1)
(5.140787979 1.332796883 0.1)
(5.331187533 1.332796883 0.1)
(5.521587088 1.332796883 0.1)
(5.711986643 1.332796883 0.1)
(5.902386198 1.332796883 0.1)
(6.092785752 1.332796883 0.1)
(6.283185307 1.332796883 0.1)
(0 1.523196438 0.1)
(0.1903995548 1.523196438 0.1)
(0.3807991095 1.523196438 0.1)
(0.5711986643 1.523196438 0.1)
(0.7615982191 1.523196438 0.1)
(0.9519977738 1.523196438 0.1)
(1.142397329 1.523196438 0.1)
(1.332796883 1.523196438 0.1)
(1.523196438 1.523196438 0.1)
(1.713595993 1.523196438 0.1)
(1.903995548 1.523196438 0.1)
(2.094395102 1.523196438 0.1)
(2.284794657 1.523196438 0.1)
(2.475194212 1.523196438 0.1)
(2.665593767 1.523196438 0.1)
(2.855993321 1.523196438 0.1)
(3.046392876 1.523196438 0.1)
(3.236792431 1.523196438 0.1)
(3.427191986 1.523196438 0.1)
(3.61759154 1.523196438 0.1)
(3.807991095 1.523196438 0.1)
(3.99839065 1.523196438 0.1)
(4.188790205 1.523196438 0.1)
(4.37918976 1.523196438 0.1)
(4.569589314 1.523196438 0.1)
(4.759988869 1.523196438 0.1)
(4.950388424 1.523196438 0.1)
(5.140787979 1.523196438 0.1)
(5.331187533 1.523196438 0.1)
(5.521587088 1.523196438 0.1)
(5.711986643 1.523196438 0.1)
(5.902386198 1.523196438 0.1)
(6.092785752 1.523196438 0.1)
(6.283185307 1.523196438 0.1)
(0 1.713595993 0.1)
(0.1903995548 1.713595993 0.1)
(0.3807991095 1.713595993 0.1)
(0.5711986643 1.713595993 0.1)
(0.7615982191 1.713595993 0.1)
(0.9519977738 1.713595993 0.1)
(1.142397329 1.713595993 0.1)
(1.332796883 1.713595993 0.1)
(1.523196438 1.713595993 0.1)
(1.713595993 1.713595993 0.1)
(1.903995548 1.713595993 0.1)
(2.094395102 1.713595993 0.1)
(2.284794657 1.713595993 0.1)
(2.475194212 1.713595993 0.1)
(2.665593767 1.713595993 0.1)
(2.855993321 1.713595993 0.1)
(3.046392876 1.713595993 0.1)
(3.236792431 1.713595993 0.1)
(3.427191986 1.713595993 0.1)
(3.61759154 1.713595993 0.1)
(3.807991095 1.713595993 0.1)
(3.99839065 1.713595993 0.1)
(4.188790205 1.713595993 0.1)
(4.37918976 1.713595993 0.1)
(4.569589314 1.713595993 0.1)
(4.759988869 1.713595993 0.1)
(4.950388424 1.713595993 0.1)
(5.140787979 1.713595993 0.1)
(5.331187533 1.713595993 0.1)
(5.521587088 1.713595993 0.1)
(5.711986643 1.713595993 0.1)
(5.902386198 1.713595993 0.1)
(6.092785752 1.713595993 0.1)
(6.283185307 1.713595993 0.1)
(0 1.903995548 0.1)
(0.1903995548 1.903995548 0.1)
(0.3807991095 1.903995548 0.1)
(0.5711986643 1.903995548 0.1)
(0.7615982191 1.903995548 0.1)
(0.9519977738 1.903995548 0.1)
(1.142397329 1.903995548 0.1)
(1.332796883 1.903995548 0.1)
(1.523196438 1.903995548 0.1)
(1.713595993 1.903995548 0.1)
(1.903995548 1.903995548 0.1)
(2.094395102 1.903995548 0.1)
(2.284794657 1.903995548 0.1)
(2.475194212 1.903995548 0.1)
(2.665593767 1.903995548 0.1)
(2.855993321 1.903995548 0.1)
(3.046392876 1.903995548 0.1)
(3.236792431 1.903995548 0.1)
(3.427191986 1.903995548 0.1)
(3.61759154 1.903995548 0.1)
(3.807991095 1.903995548 0.1)
(3.99839065 1.903995548 0.1)
(4.188790205 1.903995548 0.1)
(4.37918976 1.903995548 0.1)
(4.569589314 1.903995548 0.1)
(4.759988869 1.903995548 0.1)
(4.950388424 1.903995548 0.1)
(5.140787979 1.903995548 0.1)
(5.331187533 1.903995548 0.1)
(5.521587088 1.903995548 0.1)
(5.711986643 1.903995548 0.1)
(5.902386198 1.903995548 0.1)
(6.092785752 1.903995548 0.1)
(6.283185307 1.903995548 0.1)
(0 2.094395102 0.1)
(0.1903995548 2.094395102 0.1)
(0.3807991095 2.094395102 0.1)
(0.5711986643 2.094395102 0.1)
(0.7615982191 2.094395102 0.1)
(0.9519977738 2.094395102 0.1)
(1.142397329 2.094395102 0.1)
(1.332796883 2.094395102 0.1)
(1.523196438 2.094395102 0.1)
(1.713595993 2.094395102 0.1)
(1.903995548 2.094395102 0.1)
(2.094395102 2.094395102 0.1)
(2.284794657 2.094395102 0.1)
(2.475194212 2.094395102 0.1)
(2.665593767 2.094395102 0.1)
(2.855993321 2.094395102 0.1)
(3.046392876 2.094395102 0.1)
(3.236792431 2.094395102 0.1)
(3.427191986 2.094395102 0.1)
(3.61759154 2.094395102 0.1)
(3.807991095 2.094395102 0.1)
(3.99839065 2.094395102 0.1)
(4.188790205 2.094395102 0.1)
(4.37918976 2.094395102 0.1)
(4.569589314 2.094395102 0.1)
(4.759988869 2.094395102 0.1)
(4.950388424 2.094395102 0.1)
(5.140787979 2.094395102 0.1)
(5.331187533 2.094395102 0.1)
(5.521587088 2.094395102 0.1)
(5.711986643 2.094395102 0.1)
(5.902386198 2.094395102 0.1)
(6.092785752 2.094395102 0.1)
(6.283185307 2.094395102 0.1)
(0 2.284794657 0.1)
(0.1903995548 2.284794657 0.1)
(0.3807991095 2.284794657 0.1)
(0.5711986643 2.284794657 0.1)
(0.7615982191 2.284794657 0.1)
(0.9519977738 2.284794657 0.1)
(1.142397329 2.284794657 0.1)
(1.332796883 2.284794657 0.1)
(1.523196438 2.284794657 0.1)
(1.713595993 2.284794657 0.1)
(1.903995548 2.284794657 0.1)
(2.094395102 2.284794657 0.1)
(2.284794657 2.284794657 0.1)
(2.475194212 2.284794657 0.1)
(2.665593767 2.284794657 0.1)
(2.855993321 2.284794657 0.1)
(3.046392876 2.284794657 0.1)
(3.236792431 2.284794657 0.1)
(3.427191986 2.284794657 0.1)
(3.61759154 2.284794657 0.1)
(3.807991095 2.284794657 0.1)
(3.99839065 2.284794657 0.1)
(4.188790205 2.284794657 0.1)
(4.37918976 2.284794657 0.1)
(4.569589314 2.284794657 0.1)
(4.759988869 2.284794657 0.1)
(4.950388424 2.284794657 0.1)
(5.140787979 2.284794657 0.1)
(5.331187533 2.284794657 0.1)
(5.521587088 2.284794657 0.1)
(5.711986643 2.284794657 0.1)
(5.902386198 2.284794657 0.1)
(6.092785752 2.284794657 0.1)
(6.283185307 2.284794657 0.1)
(0 2.475194212 0.1)
(0.1903995548 2.475194212 0.1)
(0.3807991095 2.475194212 0.1)
(0.5711986643 2.475194212 0.1)
(0.7615982191 2.475194212 0.1)
(0.9519977738 2.475194212 0.1)
(1.142397329 2.475194212 0.1)
(1.332796883 2.475194212 0.1)
(1.523196438 2.475194212 0.1)
(1.713595993 2.475194212 0.1)
(1.903995548 2.475194212 0.1)
(2.094395102 2.475194212 0.1)
(2.284794657 2.475194212 0.1)
(2.475194212 2.475194212 0.1)
(2.665593767 2.475194212 0.1)
(2.855993321 2.475194212 0.1)
(3.046392876 2.475194212 0.1)
(3.236792431 2.475194212 0.1)
(3.427191986 2.475194212 0.1)
(3.61759154 2.475194212 0.1)
(3.807991095 2.475194212 0.1)
(3.99839065 2.475194212 0.1)
(4.188790205 2.475194212 0.1)
(4.37918976 2.475194212 0.1)
(4.569589314 2.475194212 0.1)
(4.759988869 2.475194212 0.1)
(4.950388424 2.475194212 0.1)
(5.140787979 2.475194212 0.1)
(5.331187533 2.475194212 0.1)
(5.521587088 2.475194212 0.1)
(5.711986643 2.475194212 0.1)
(5.902386198 2.475194212 0.1)
(6.092785752 2.475194212 0.1)
(6.283185307 2.475194212 0.1)
(0 2.665593767 0.1)
(0.1903995548 2.665593767 0.1)
(0.3807991095 2.665593767 0.1)
(0.5711986643 2.665593767 0.1)
(0.7615982191 2.665593767 0.1)
(0.9519977738 2.665593767 0.1)
(1.142397329 2.665593767 0.1)
(1.332796883 2.665593767 0.1)
(1.523196438 2.665593767 0.1)
(1.713595993 2.665593767 0.1)
(1.903995548 2.665593767 0.1)
(2.094395102 2.665593767 0.1)
(2.284794657 2.665593767 0.1)
(2.475194212 2.665593767 0.1)
(2.665593767 2.665593767 0.1)
(2.855993321 2.665593767 0.1)
(3.046392876 2.665593767 0.1)
(3.236792431 2.665593767 0.1)
(3.427191986 2.665593767 0.1)
(3.61759154 2.665593767 0.1)
(3.807991095 2.665593767 0.1)
(3.99839065 2.665593767 0.1)
(4.188790205 2.665593767 0.1)
(4.37918976 2.665593767 0.1)
(4.569589314 2.665593767 0.1)
(4.759988869 2.665593767 0.1)
(4.950388424 2.665593767 0.1)
(5.140787979 2.665593767 0.1)
(5.331187533 2.665593767 0.1)
(5.521587088 2.665593767 0.1)
(5.711986643 2.665593767 0.1)
(5.902386198 2.665593767 0.1)
(6.092785752 2.665593767 0.1)
(6.283185307 2.665593767 0.1)
(0 2.855993321 0.1)
(0.1903995548 2.855993321 0.1)
(0.3807991095 2.855993321 0.1)
(0.5711986643 2.855993321 0.1)
(0.7615982191 2.855993321 0.1)
(0.9519977738 2.855993321 0.1)
(1.142397329 2.855993321 0.1)
(1.332796883 2.855993321 0.1)
(1.523196438 2.855993321 0.1)
(1.713595993 2.855993321 0.1)
(1.903995548 2.855993321 0.1)
(2.094395102 2.855993321 0.1)
(2.284794657 2.855993321 0.1)
(2.475194212 2.855993321 0.1)
(2.665593767 2.855993321 0.1)
(2.855993321 2.855993321 0.1)
(3.046392876 2.855993321 0.1)
(3.236792431 2.855993321 0.1)
(3.427191986 2.855993321 0.1)
(3.61759154 2.855993321 0.1)
(3.807991095 2.855993321 0.1)
(3.99839065 2.855993321 0.1)
(4.188790205 2.855993321 0.1)
(4.37918976 2.855993321 0.1)
(4.569589314 2.855993321 0.1)
(4.759988869 2.855993321 0.1)
(4.950388424 2.855993321 0.1)
(5.140787979 2.855993321 0.1)
(5.331187533 2.855993321 0.1)
(5.521587088 2.855993321 0.1)
(5.711986643 2.855993321 0.1)
(5.902386198 2.855993321 0.1)
(6.092785752 2.855993321 0.1)
(6.283185307 2.855993321 0.1)
(0 3.046392876 0.1)
(0.1903995548 3.046392876 0.1)
(0.3807991095 3.046392876 0.1)
(0.5711986643 3.046392876 0.1)
(0.7615982191 3.046392876 0.1)
(0.9519977738 3.046392876 0.1)
(1.142397329 3.046392876 0.1)
(1.332796883 3.046392876 0.1)
(1.523196438 3.046392876 0.1)
(1.713595993 3.046392876 0.1)
(1.903995548 3.046392876 0.1)
(2.094395102 3.046392876 0.1)
(2.284794657 3.046392876 0.1)
(2.475194212 3.046392876 0.1)
(2.665593767 3.046392876 0.1)
(2.855993321 3.046392876 0.1)
(3.046392876 3.046392876 0.1)
(3.236792431 3.046392876 0.1)
(3.427191986 3.046392876 0.1)
(3.61759154 3.046392876 0.1)
(3.807991095 3.046392876 0.1)
(3.99839065 3.046392876 0.1)
(4.188790205 3.046392876 0.1)
(4.37918976 3.046392876 0.1)
(4.569589314 3.046392876 0.1)
(4.759988869 3.046392876 0.1)
(4.950388424 3.046392876 0.1)
(5.140787979 3.046392876 0.1)
(5.331187533 3.046392876 0.1)
(5.521587088 3.046392876 0.1)
(5.711986643 3.046392876 0.1)
(5.902386198 3.046392876 0.1)
(6.092785752 3.046392876 0.1)
(6.283185307 3.046392876 0.1)
(0 3.236792431 0.1)
(0.1903995548 3.236792431 0.1)
(0.3807991095 3.236792431 0.1)
(0.5711986643 3.236792431 0.1)
(0.7615982191 3.236792431 0.1)
(0.9519977738 3.236792431 0.1)
(1.142397329 3.236792431 0.1)
(1.332796883 3.236792431 0.1)
(1.523196438 3.236792431 0.1)
(1.713595993 3.236792431 0.1)
(1.903995548 3.236792431 0.1)
(2.094395102 3.236792431 0.1)
(2.284794657 3.236792431 0.1)
(2.475194212 3.236792431 0.1)
(2.665593767 3.236792431 0.1)
(2.855993321 3.236792431 0.1)
(3.046392876 3.236792431 0.1)
(3.236792431 3.236792431 0.1)
(3.427191986 3.236792431 0.1)
(3.61759154 3.236792431 0.1)
(3.807991095 3.236792431 0.1)
(3.99839065 3.236792431 0.1)
(4.188790205 3.236792431 0.1)
(4.37918976 3.236792431 0.1)
(4.569589314 3.236792431 0.1)
(4.759988869 3.236792431 0.1)
(4.950388424 3.236792431 0.1)
(5.140787979 3.236792431 0.1)
(5.331187533 3.236792431 0.1)
(5.521587088 3.236792431 0.1)
(5.711986643 3.236792431 0.1)
(5.902386198 3.236792431 0.1)
(6.092785752 3.236792431 0.1)
(6.283185307 3.236792431 0.1)
(0 3.427191986 0.1)
(0.1903995548 3.427191986 0.1)
(0.3807991095 3.427191986 0.1)
(0.5711986643 3.427191986 0.1)
(0.7615982191 3.427191986 0.1)
(0.9519977738 3.427191986 0.1)
(1.142397329 3.427191986 0.1)
(1.332796883 3.427191986 0.1)
(1.523196438 3.427191986 0.1)
(1.713595993 3.427191986 0.1)
(1.903995548 3.427191986 0.1)
(2.094395102 3.427191986 0.1)
(2.284794657 3.427191986 0.1)
(2.475194212 3.427191986 0.1)
(2.665593767 3.427191986 0.1)
(2.855993321 3.427191986 0.1)
(3.046392876 3.427191986 0.1)
(3.236792431 3.427191986 0.1)
(3.427191986 3.427191986 0.1)
(3.61759154 3.427191986 0.1)
(3.807991095 3.427191986 0.1)
(3.99839065 3.427191986 0.1)
(4.188790205 3.427191986 0.1)
(4.37918976 3.427191986 0.1)
(4.569589314 3.427191986 0.1)
(4.759988869 3.427191986 0.1)
(4.950388424 3.427191986 0.1)
(5.140787979 3.427191986 0.1)
(5.331187533 3.427191986 0.1)
(5.521587088 3.427191986 0.1)
(5.711986643 3.427191986 0.1)
(5.902386198 3.427191986 0.1)
(6.092785752 3.427191986 0.1)
(6.283185307 3.427191986 0.1)
(0 3.61759154 0.1)
(0.1903995548 3.61759154 0.1)
(0.3807991095 3.61759154 0.1)
(0.5711986643 3.61759154 0.1)
(0.7615982191 3.61759154 0.1)
(0.9519977738 3.61759154 0.1)
(1.142397329 3.61759154 0.1)
(1.332796883 3.61759154 0.1)
(1.523196438 3.61759154 0.1)
(1.713595993 3.61759154 0.1)
(1.903995548 3.61759154 0.1)
(2.094395102 3.61759154 0.1)
(2.284794657 3.61759154 0.1)
(2.475194212 3.61759154 0.1)
(2.665593767 3.61759154 0.1)
(2.855993321 3.61759154 0.1)
(3.046392876 3.61759154 0.1)
(3.236792431 3.61759154 0.1)
(3.427191986 3.61759154 0.1)
(3.61759154 3.61759154 0.1)
(3.807991095 3.61759154 0.1)
(3.99839065 3.61759154 0.1)
(4.188790205 3.61759154 0.1)
(4.37918976 3.61759154 0.1)
(4.569589314 3.61759154 0.1)
(4.759988869 3.61759154 0.1)
(4.950388424 3.61759154 0.1)
(5.140787979 3.61759154 0.1)
(5.331187533 3.61759154 0.1)
(5.521587088 3.61759154 0.1)
(5.711986643 3.61759154 0.1)
(5.902386198 3.61759154 0.1)
(6.092785752 3.61759154 0.1)
(6.283185307 3.61759154 0.1)
(0 3.807991095 0.1)
(0.1903995548 3.807991095 0.1)
(0.3807991095 3.807991095 0.1)
(0.5711986643 3.807991095 0.1)
(0.7615982191 3.807991095 0.1)
(0.9519977738 3.807991095 0.1)
(1.142397329 3.807991095 0.1)
(1.332796883 3.807991095 0.1)
(1.523196438 3.807991095 0.1)
(1.713595993 3.807991095 0.1)
(1.903995548 3.807991095 0.1)
(2.094395102 3.807991095 0.1)
(2.284794657 3.807991095 0.1)
(2.475194212 3.807991095 0.1)
(2.665593767 3.807991095 0.1)
(2.855993321 3.807991095 0.1)
(3.046392876 3.807991095 0.1)
(3.236792431 3.807991095 0.1)
(3.427191986 3.807991095 0.1)
(3.61759154 3.807991095 0.1)
(3.807991095 3.807991095 0.1)
(3.99839065 3.807991095 0.1)
(4.188790205 3.807991095 0.1)
(4.37918976 3.807991095 0.1)
(4.569589314 3.807991095 0.1)
(4.759988869 3.807991095 0.1)
(4.950388424 3.807991095 0.1)
(5.140787979 3.807991095 0.1)
(5.331187533 3.807991095 0.1)
(5.521587088 3.807991095 0.1)
(5.711986643 3.807991095 0.1)
(5.902386198 3.807991095 0.1)
(6.092785752 3.807991095 0.1)
(6.283185307 3.807991095 0.1)
(0 3.99839065 0.1)
(0.1903995548 3.99839065 0.1)
(0.3807991095 3.99839065 0.1)
(0.5711986643 3.99839065 0.1)
(0.7615982191 3.99839065 0.1)
(0.9519977738 3.99839065 0.1)
(1.142397329 3.99839065 0.1)
(1.332796883 3.99839065 0.1)
(1.523196438 3.99839065 0.1)
(1.713595993 3.99839065 0.1)
(1.903995548 3.99839065 0.1)
(2.094395102 3.99839065 0.1)
(2.284794657 3.99839065 0.1)
(2.475194212 3.99839065 0.1)
(2.665593767 3.99839065 0.1)
(2.855993321 3.99839065 0.1)
(3.046392876 3.99839065 0.1)
(3.236792431 3.99839065 0.1)
(3.427191986 3.99839065 0.1)
(3.61759154 3.99839065 0.1)
(3.807991095 3.99839065 0.1)
(3.99839065 3.99839065 0.1)
(4.188790205 3.99839065 0.1)
(4.37918976 3.99839065 0.1)
(4.569589314 3.99839065 0.1)
(4.759988869 3.99839065 0.1)
(4.950388424 3.99839065 0.1)
(5.140787979 3.99839065 0.1)
(5.331187533 3.99839065 0.1)
(5.521587088 3.99839065 0.1)
(5.711986643 3.99839065 0.1)
(5.902386198 3.99839065 0.1)
(6.092785752 3.99839065 0.1)
(6.283185307 3.99839065 0.1)
(0 4.188790205 0.1)
(0.1903995548 4.188790205 0.1)
(0.3807991095 4.188790205 0.1)
(0.5711986643 4.188790205 0.1)
(0.7615982191 4.188790205 0.1)
(0.9519977738 4.188790205 0.1)
(1.142397329 4.188790205 0.1)
(1.332796883 4.188790205 0.1)
(1.523196438 4.188790205 0.1)
(1.713595993 4.188790205 0.1)
(1.903995548 4.188790205 0.1)
(2.094395102 4.188790205 0.1)
(2.284794657 4.188790205 0.1)
(2.475194212 4.188790205 0.1)
(2.665593767 4.188790205 0.1)
(2.855993321 4.188790205 0.1)
(3.046392876 4.188790205 0.1)
(3.236792431 4.188790205 0.1)
(3.427191986 4.188790205 0.1)
(3.61759154 4.188790205 0.1)
(3.807991095 4.188790205 0.1)
(3.99839065 4.188790205 0.1)
(4.188790205 4.188790205 0.1)
(4.37918976 4.188790205 0.1)
(4.569589314 4.188790205 0.1)
(4.759988869 4.188790205 0.1)
(4.950388424 4.188790205 0.1)
(5.140787979 4.188790205 0.1)
(5.331187533 4.188790205 0.1)
(5.521587088 4.188790205 0.1)
(5.711986643 4.188790205 0.1)
(5.902386198 4.188790205 0.1)
(6.092785752 4.188790205 0.1)
(6.283185307 4.188790205 0.1)
(0 4.37918976 0.1)
(0.1903995548 4.37918976 0.1)
(0.3807991095 4.37918976 0.1)
(0.5711986643 4.37918976 0.1)
(0.7615982191 4.37918976 0.1)
(0.9519977738 4.37918976 0.1)
(1.142397329 4.37918976 0.1)
(1.332796883 4.37918976 0.1)
(1.523196438 4.37918976 0.1)
(1.713595993 4.37918976 0.1)
(1.903995548 4.37918976 0.1)
(2.094395102 4.37918976 0.1)
(2.284794657 4.37918976 0.1)
(2.475194212 4.37918976 0.1)
(2.665593767 4.37918976 0.1)
(2.855993321 4.37918976 0.1)
(3.046392876 4.37918976 0.1)
(3.236792431 4.37918976 0.1)
(3.427191986 4.37918976 0.1)
(3.61759154 4.37918976 0.1)
(3.807991095 4.37918976 0.1)
(3.99839065 4.37918976 0.1)
(4.188790205 4.37918976 0.1)
(4.37918976 4.37918976 0.1)
(4.569589314 4.37918976 0.1)
(4.759988869 4.37918976 0.1)
(4.950388424 4.37918976 0.1)
(5.140787979 4.37918976 0.1)
(5.331187533 4.37918976 0.1)
(5.521587088 4.37918976 0.1)
(5.711986643 4.37918976 0.1)
(5.902386198 4.37918976 0.1)
(6.092785752 4.37918976 0.1)
(6.283185307 4.37918976 0.1)
(0 4.569589314 0.1)
(0.1903995548 4.569589314 0.1)
(0.3807991095 4.569589314 0.1)
(0.5711986643 4.569589314 0.1)
(0.7615982191 4.569589314 0.1)
(0.9519977738 4.569589314 0.1)
(1.142397329 4.569589314 0.1)
(1.332796883 4.569589314 0.1)
(1.523196438 4.569589314 0.1)
(1.713595993 4.569589314 0.1)
(1.903995548 4.569589314 0.1)
(2.094395102 4.569589314 0.1)
(2.284794657 4.569589314 0.1)
(2.475194212 4.569589314 0.1)
(2.665593767 4.569589314 0.1)
(2.855993321 4.569589314 0.1)
(3.046392876 4.569589314 0.1)
(3.236792431 4.569589314 0.1)
(3.427191986 4.569589314 0.1)
(3.61759154 4.569589314 0.1)
(3.807991095 4.569589314 0.1)
(3.99839065 4.569589314 0.1)
(4.188790205 4.569589314 0.1)
(4.37918976 4.569589314 0.1)
(4.569589314 4.569589314 0.1)
(4.759988869 4.569589314 0.1)
(4.950388424 4.569589314 0.1)
(5.140787979 4.569589314 0.1)
(5.331187533 4.569589314 0.1)
(5.521587088 4.569589314 0.1)
(5.711986643 4.569589314 0.1)
(5.902386198 4.569589314 0.1)
(6.092785752 4.569589314 0.1)
(6.283185307 4.569589314 0.1)
(0 4.759988869 0.1)
(0.1903995548 4.759988869 0.1)
(0.3807991095 4.759988869 0.1)
(0.5711986643 4.759988869 0.1)
(0.7615982191 4.759988869 0.1)
(0.9519977738 4.759988869 0.1)
(1.142397329 4.759988869 0.1)
(1.332796883 4.759988869 0.1)
(1.523196438 4.759988869 0.1)
(1.713595993 4.759988869 0.1)
(1.903995548 4.759988869 0.1)
(2.094395102 4.759988869 0.1)
(2.284794657 4.759988869 0.1)
(2.475194212 4.759988869 0.1)
(2.665593767 4.759988869 0.1)
(2.855993321 4.759988869 0.1)
(3.046392876 4.759988869 0.1)
(3.236792431 4.759988869 0.1)
(3.427191986 4.759988869 0.1)
(3.61759154 4.759988869 0.1)
(3.807991095 4.759988869 0.1)
(3.99839065 4.759988869 0.1)
(4.188790205 4.759988869 0.1)
(4.37918976 4.759988869 0.1)
(4.569589314 4.759988869 0.1)
(4.759988869 4.759988869 0.1)
(4.950388424 4.759988869 0.1)
(5.140787979 4.759988869 0.1)
(5.331187533 4.759988869 0.1)
(5.521587088 4.759988869 0.1)
(5.711986643 4.759988869 0.1)
(5.902386198 4.759988869 0.1)
(6.092785752 4.759988869 0.1)
(6.283185307 4.759988869 0.1)
(0 4.950388424 0.1)
(0.1903995548 4.950388424 0.1)
(0.3807991095 4.950388424 0.1)
(0.5711986643 4.950388424 0.1)
(0.7615982191 4.950388424 0.1)
(0.9519977738 4.950388424 0.1)
(1.142397329 4.950388424 0.1)
(1.332796883 4.950388424 0.1)
(1.523196438 4.950388424 0.1)
(1.713595993 4.950388424 0.1)
(1.903995548 4.950388424 0.1)
(2.094395102 4.950388424 0.1)
(2.284794657 4.950388424 0.1)
(2.475194212 4.950388424 0.1)
(2.665593767 4.950388424 0.1)
(2.855993321 4.950388424 0.1)
(3.046392876 4.950388424 0.1)
(3.236792431 4.950388424 0.1)
(3.427191986 4.950388424 0.1)
(3.61759154 4.950388424 0.1)
(3.807991095 4.950388424 0.1)
(3.99839065 4.950388424 0.1)
(4.188790205 4.950388424 0.1)
(4.37918976 4.950388424 0.1)
(4.569589314 4.950388424 0.1)
(4.759988869 4.950388424 0.1)
(4.950388424 4.950388424 0.1)
(5.140787979 4.950388424 0.1)
(5.331187533 4.950388424 0.1)
(5.521587088 4.950388424 0.1)
(5.711986643 4.950388424 0.1)
(5.902386198 4.950388424 0.1)
(6.092785752 4.950388424 0.1)
(6.283185307 4.950388424 0.1)
(0 5.140787979 0.1)
(0.1903995548 5.140787979 0.1)
(0.3807991095 5.140787979 0.1)
(0.5711986643 5.140787979 0.1)
(0.7615982191 5.140787979 0.1)
(0.9519977738 5.140787979 0.1)
(1.142397329 5.140787979 0.1)
(1.332796883 5.140787979 0.1)
(1.523196438 5.140787979 0.1)
(1.713595993 5.140787979 0.1)
(1.903995548 5.140787979 0.1)
(2.094395102 5.140787979 0.1)
(2.284794657 5.140787979 0.1)
(2.475194212 5.140787979 0.1)
(2.665593767 5.140787979 0.1)
(2.855993321 5.140787979 0.1)
(3.046392876 5.140787979 0.1)
(3.236792431 5.140787979 0.1)
(3.427191986 5.140787979 0.1)
(3.61759154 5.140787979 0.1)
(3.807991095 5.140787979 0.1)
(3.99839065 5.140787979 0.1)
(4.188790205 5.140787979 0.1)
(4.37918976 5.140787979 0.1)
(4.569589314 5.140787979 0.1)
(4.759988869 5.140787979 0.1)
(4.950388424 5.140787979 0.1)
(5.140787979 5.140787979 0.1)
(5.331187533 5.140787979 0.1)
(5.521587088 5.140787979 0.1)
(5.711986643 5.140787979 0.1)
(5.902386198 5.140787979 0.1)
(6.092785752 5.140787979 0.1)
(6.283185307 5.140787979 0.1)
(0 5.331187533 0.1)
(0.1903995548 5.331187533 0.1)
(0.3807991095 5.331187533 0.1)
(0.5711986643 5.331187533 0.1)
(0.7615982191 5.331187533 0.1)
(0.9519977738 5.331187533 0.1)
(1.142397329 5.331187533 0.1)
(1.332796883 5.331187533 0.1)
(1.523196438 5.331187533 0.1)
(1.713595993 5.331187533 0.1)
(1.903995548 5.331187533 0.1)
(2.094395102 5.331187533 0.1)
(2.284794657 5.331187533 0.1)
(2.475194212 5.331187533 0.1)
(2.665593767 5.331187533 0.1)
(2.855993321 5.331187533 0.1)
(3.046392876 5.331187533 0.1)
(3.236792431 5.331187533 0.1)
(3.427191986 5.331187533 0.1)
(3.61759154 5.331187533 0.1)
(3.807991095 5.331187533 0.1)
(3.99839065 5.331187533 0.1)
(4.188790205 5.331187533 0.1)
(4.37918976 5.331187533 0.1)
(4.569589314 5.331187533 0.1)
(4.759988869 5.331187533 0.1)
(4.950388424 5.331187533 0.1)
(5.140787979 5.331187533 0.1)
(5.331187533 5.331187533 0.1)
(5.521587088 5.331187533 0.1)
(5.711986643 5.331187533 0.1)
(5.902386198 5.331187533 0.1)
(6.092785752 5.331187533 0.1)
(6.283185307 5.331187533 0.1)
(0 5.521587088 0.1)
(0.1903995548 5.521587088 0.1)
(0.3807991095 5.521587088 0.1)
(0.5711986643 5.521587088 0.1)
(0.7615982191 5.521587088 0.1)
(0.9519977738 5.521587088 0.1)
(1.142397329 5.521587088 0.1)
(1.332796883 5.521587088 0.1)
(1.523196438 5.521587088 0.1)
(1.713595993 5.521587088 0.1)
(1.903995548 5.521587088 0.1)
(2.094395102 5.521587088 0.1)
(2.284794657 5.521587088 0.1)
(2.475194212 5.521587088 0.1)
(2.665593767 5.521587088 0.1)
(2.855993321 5.521587088 0.1)
(3.046392876 5.521587088 0.1)
(3.236792431 5.521587088 0.1)
(3.427191986 5.521587088 0.1)
(3.61759154 5.521587088 0.1)
(3.807991095 5.521587088 0.1)
(3.99839065 5.521587088 0.1)
(4.188790205 5.521587088 0.1)
(4.37918976 5.521587088 0.1)
(4.569589314 5.521587088 0.1)
(4.759988869 5.521587088 0.1)
(4.950388424 5.521587088 0.1)
(5.140787979 5.521587088 0.1)
(5.331187533 5.521587088 0.1)
(5.521587088 5.521587088 0.1)
(5.711986643 5.521587088 0.1)
(5.902386198 5.521587088 0.1)
(6.092785752 5.521587088 0.1)
(6.283185307 5.521587088 0.1)
(0 5.711986643 0.1)
(0.1903995548 5.711986643 0.1)
(0.3807991095 5.711986643 0.1)
(0.5711986643 5.711986643 0.1)
(0.7615982191 5.711986643 0.1)
(0.9519977738 5.711986643 0.1)
(1.142397329 5.711986643 0.1)
(1.332796883 5.711986643 0.1)
(1.523196438 5.711986643 0.1)
(1.713595993 5.711986643 0.1)
(1.903995548 5.711986643 0.1)
(2.094395102 5.711986643 0.1)
(2.284794657 5.711986643 0.1)
(2.475194212 5.711986643 0.1)
(2.665593767 5.711986643 0.1)
(2.855993321 5.711986643 0.1)
(3.046392876 5.711986643 0.1)
(3.236792431 5.711986643 0.1)
(3.427191986 5.711986643 0.1)
(3.61759154 5.711986643 0.1)
(3.807991095 5.711986643 0.1)
(3.99839065 5.711986643 0.1)
(4.188790205 5.711986643 0.1)
(4.37918976 5.711986643 0.1)
(4.569589314 5.711986643 0.1)
(4.759988869 5.711986643 0.1)
(4.950388424 5.711986643 0.1)
(5.140787979 5.711986643 0.1)
(5.331187533 5.711986643 0.1)
(5.521587088 5.711986643 0.1)
(5.711986643 5.711986643 0.1)
(5.902386198 5.711986643 0.1)
(6.092785752 5.711986643 0.1)
(6.283185307 5.711986643 0.1)
(0 5.902386198 0.1)
(0.1903995548 5.902386198 0.1)
(0.3807991095 5.902386198 0.1)
(0.5711986643 5.902386198 0.1)
(0.7615982191 5.902386198 0.1)
(0.9519977738 5.902386198 0.1)
(1.142397329 5.902386198 0.1)
(1.332796883 5.902386198 0.1)
(1.523196438 5.902386198 0.1)
(1.713595993 5.902386198 0.1)
(1.903995548 5.902386198 0.1)
(2.094395102 5.902386198 0.1)
(2.284794657 5.902386198 0.1)
(2.475194212 5.902386198 0.1)
(2.665593767 5.902386198 0.1)
(2.855993321 5.902386198 0.1)
(3.046392876 5.902386198 0.1)
(3.236792431 5.902386198 0.1)
(3.427191986 5.902386198 0.1)
(3.61759154 5.902386198 0.1)
(3.807991095 5.902386198 0.1)
(3.99839065 5.902386198 0.1)
(4.188790205 5.902386198 0.1)
(4.37918976 5.902386198 0.1)
(4.569589314 5.902386198 0.1)
(4.759988869 5.902386198 0.1)
(4.950388424 5.902386198 0.1)
(5.140787979 5.902386198 0.1)
(5.331187533 5.902386198 0.1)
(5.521587088 5.902386198 0.1)
(5.711986643 5.902386198 0.1)
(5.902386198 5.902386198 0.1)
(6.092785752 5.902386198 0.1)
(6.283185307 5.902386198 0.1)
(0 6.092785752 0.1)
(0.1903995548 6.092785752 0.1)
(0.3807991095 6.092785752 0.1)
(0.5711986643 6.092785752 0.1)
(0.7615982191 6.092785752 0.1)
(0.9519977738 6.092785752 0.1)
(1.142397329 6.092785752 0.1)
(1.332796883 6.092785752 0.1)
(1.523196438 6.092785752 0.1)
(1.713595993 6.092785752 0.1)
(1.903995548 6.092785752 0.1)
(2.094395102 6.092785752 0.1)
(2.284794657 6.092785752 0.1)
(2.475194212 6.092785752 0.1)
(2.665593767 6.092785752 0.1)
(2.855993321 6.092785752 0.1)
(3.046392876 6.092785752 0.1)
(3.236792431 6.092785752 0.1)
(3.427191986 6.092785752 0.1)
(3.61759154 6.092785752 0.1)
(3.807991095 6.092785752 0.1)
(3.99839065 6.092785752 0.1)
(4.188790205 6.092785752 0.1)
(4.37918976 6.092785752 0.1)
(4.569589314 6.092785752 0.1)
(4.759988869 6.092785752 0.1)
(4.950388424 6.092785752 0.1)
(5.140787979 6.092785752 0.1)
(5.331187533 6.092785752 0.1)
(5.521587088 6.092785752 0.1)
(5.711986643 6.092785752 0.1)
(5.902386198 6.092785752 0.1)
(6.092785752 6.092785752 0.1)
(6.283185307 6.092785752 0.1)
(0 6.283185307 0.1)
(0.1903995548 6.283185307 0.1)
(0.3807991095 6.283185307 0.1)
(0.5711986643 6.283185307 0.1)
(0.7615982191 6.283185307 0.1)
(0.9519977738 6.283185307 0.1)
(1.142397329 6.283185307 0.1)
(1.332796883 6.283185307 0.1)
(1.523196438 6.283185307 0.1)
(1.713595993 6.283185307 0.1)
(1.903995548 6.283185307 0.1)
(2.094395102 6.283185307 0.1)
(2.284794657 6.283185307 0.1)
(2.475194212 6.283185307 0.1)
(2.665593767 6.283185307 0.1)
(2.855993321 6.283185307 0.1)
(3.046392876 6.283185307 0.1)
(3.236792431 6.283185307 0.1)
(3.427191986 6.283185307 0.1)
(3.61759154 6.283185307 0.1)
(3.807991095 6.283185307 0.1)
(3.99839065 6.283185307 0.1)
(4.188790205 6.283185307 0.1)
(4.37918976 6.283185307 0.1)
(4.569589314 6.283185307 0.1)
(4.759988869 6.283185307 0.1)
(4.950388424 6.283185307 0.1)
(5.140787979 6.283185307 0.1)
(5.331187533 6.283185307 0.1)
(5.521587088 6.283185307 0.1)
(5.711986643 6.283185307 0.1)
(5.902386198 6.283185307 0.1)
(6.092785752 6.283185307 0.1)
(6.283185307 6.283185307 0.1)
)


// ************************************************************************* //
